0.02853336,-0.3550051,-0.1007473,-0.04362283,0.2334297,-0.04000171,-0.07280679,0.2428901,-0.05888399,0.02081758,0.2081012,-0.05095811,-0.1800629,0.03208672,0.06340691,-0.1356067,0.06721158,0.08580261,-0.2633404,-0.1596754,-0.02185154,0.09403446
-0.001820231,-0.3793313,-0.1323548,-0.03705558,0.2015657,-0.03047176,-0.07391115,0.2396104,-0.06414051,0.00856924,0.2104115,-0.04389359,-0.179828,0.03218898,0.06284661,-0.1361872,0.071123,0.08489468,-0.26488,-0.1580229,-0.01302341,0.0969845
-0.01459258,-0.3731732,-0.1535163,-0.03514736,0.2232499,-0.03052859,-0.08245882,0.2366315,-0.06475017,0.01242238,0.2128608,-0.04161486,-0.1747062,0.01936859,0.05902674,-0.1334682,0.06648713,0.07836673,-0.2666206,-0.1512845,-0.01938838,0.09193057
-0.0305985,-0.3884093,-0.1662713,-0.0317107,0.2130205,-0.0286119,-0.08392301,0.2437373,-0.07186069,0.01710097,0.2017202,-0.03701209,-0.1783515,0.02132903,0.05183616,-0.1343009,0.06793182,0.08505672,-0.2626657,-0.1457513,-0.01776297,0.09273688
-0.0331646,-0.3927004,-0.1793745,-0.02656481,0.2292258,-0.03168133,-0.08586859,0.2475533,-0.07382759,0.01739314,0.2000693,-0.03368309,-0.1760461,0.01417902,0.05130565,-0.1311638,0.06302095,0.08214779,-0.2660075,-0.1427724,-0.01555369,0.09367286
-0.05225451,-0.3809586,-0.1895391,-0.03121226,0.2214923,-0.01932847,-0.10597,0.2532586,-0.07398774,0.02403956,0.1968184,-0.03618526,-0.1773596,0.01121462,0.0512106,-0.1354511,0.06568619,0.08405147,-0.2622693,-0.1393194,-0.01654612,0.08856604
-0.07557928,-0.3768118,-0.2067495,-0.03413514,0.2142163,-0.01085653,-0.09888724,0.2462661,-0.08278663,0.02186284,0.191343,-0.0286284,-0.1714485,0.002636104,0.04807244,-0.1304882,0.06266958,0.07717275,-0.2581142,-0.1319381,-0.01246093,0.08029321
-0.07796508,-0.3760621,-0.2199349,-0.02662267,0.2219098,-0.01130807,-0.104726,0.2427653,-0.08685374,0.02502127,0.1835429,-0.03181542,-0.1693233,-0.004652945,0.04820404,-0.1256108,0.05582482,0.08222313,-0.2526157,-0.1232021,-0.01134585,0.07669753
-0.08879537,-0.3822789,-0.2514285,-0.01235633,0.2296048,-0.005820123,-0.1057109,0.2411826,-0.08390492,0.02844507,0.1846494,-0.03244542,-0.1615772,-0.0117143,0.04599023,-0.1176147,0.05346416,0.07823043,-0.2591612,-0.1189153,-0.01241835,0.07980359
-0.08559123,-0.3564433,-0.2459227,-0.0153415,0.2559072,-0.00587438,-0.1208127,0.2537045,-0.0981552,0.05478323,0.1768622,-0.03242934,-0.1573839,-0.02536436,0.03671283,-0.1209385,0.05321547,0.08326152,-0.2542674,-0.1169891,-0.01718683,0.07431724
-0.1098099,-0.3583261,-0.2538615,-0.02354537,0.2428873,-0.02051571,-0.128562,0.2447983,-0.09892244,0.04993932,0.1691924,-0.02916283,-0.1615674,-0.02662567,0.02941035,-0.1203801,0.05927274,0.0879552,-0.2484369,-0.1126138,-0.01315061,0.07216183
-0.1273134,-0.3817026,-0.2887203,-0.01483754,0.2402519,-0.0002772883,-0.1235334,0.2453995,-0.09314577,0.04794121,0.1658961,-0.02366396,-0.1575908,-0.03497919,0.03113494,-0.1170865,0.05211066,0.0875039,-0.2457701,-0.1064836,-0.009184581,0.07028348
-0.1422995,-0.3855746,-0.3081463,-0.005994558,0.2371936,-0.0005472538,-0.12216,0.2412354,-0.08678644,0.05138816,0.1593449,-0.02132339,-0.159801,-0.03535875,0.02673629,-0.114997,0.05224933,0.08943639,-0.2499058,-0.1015987,-0.009725726,0.07198476
-0.1571462,-0.384394,-0.3324411,-0.004246602,0.2286628,0.01179672,-0.1320611,0.2498955,-0.08645078,0.05788536,0.1578498,-0.02222463,-0.157244,-0.04133366,0.02916075,-0.1173792,0.05180518,0.09154577,-0.2506605,-0.09622866,-0.008445234,0.06815683
-0.1747812,-0.3864749,-0.3490256,-0.002940076,0.2115062,0.01064582,-0.118696,0.2381254,-0.08165549,0.05126119,0.1508653,-0.02459635,-0.1597058,-0.04155372,0.02641047,-0.1192031,0.04977871,0.1000804,-0.2409584,-0.08833545,-0.01454958,0.06519743
-0.1697633,-0.3538446,-0.3440475,-0.0004141405,0.2431805,0.002776881,-0.1318494,0.2515364,-0.08403993,0.0566242,0.1499149,-0.01489374,-0.1463395,-0.05365112,0.01981387,-0.1106539,0.04666799,0.09760284,-0.2515272,-0.08884413,-0.0139847,0.06245342
-0.2051071,-0.3610986,-0.3704721,-0.0004832918,0.2448569,0.0217308,-0.1378904,0.2575472,-0.08054821,0.0607596,0.1446611,-0.01632859,-0.149246,-0.05655258,0.01545286,-0.1166848,0.04826926,0.1020183,-0.2447935,-0.08576644,-0.01373696,0.06459028
-0.2061813,-0.3586688,-0.3769809,0.0001268238,0.2496709,0.01578602,-0.1344416,0.2570442,-0.08126569,0.05400444,0.1341202,-0.01854273,-0.1440244,-0.06063776,0.01483888,-0.1105035,0.04298515,0.10471,-0.2479933,-0.07618681,-0.01809398,0.06671239
-0.2182494,-0.355851,-0.3910604,-0.002725303,0.2446347,0.02355398,-0.1335588,0.2629869,-0.0753051,0.06031891,0.1318893,-0.01826246,-0.144306,-0.05956965,0.01261492,-0.1149236,0.04558494,0.1075541,-0.2459691,-0.0767139,-0.01865073,0.06489091
-0.2418557,-0.3582476,-0.4201282,0.004810927,0.2442796,0.02562972,-0.1289473,0.2536831,-0.07098895,0.0511875,0.1315274,-0.01110035,-0.1424701,-0.0597364,0.01520851,-0.1081014,0.04720031,0.1085905,-0.2507154,-0.0691062,-0.02095054,0.0665605
-0.2726662,-0.3593931,-0.4518739,0.01676392,0.2374678,0.03312385,-0.1232361,0.243152,-0.06556445,0.04949792,0.1286064,-0.008134674,-0.1428246,-0.06217272,0.01303582,-0.1025703,0.05000181,0.1046336,-0.2525382,-0.0716578,-0.01145761,0.07142293
-0.2860475,-0.3641524,-0.4687884,0.02069711,0.2292934,0.03478503,-0.1160671,0.2377442,-0.06704014,0.04280039,0.1221851,-0.005416349,-0.1470532,-0.06236519,0.01665866,-0.1047546,0.04439971,0.1091025,-0.2494343,-0.06592243,-0.01341425,0.072001
-0.2906756,-0.3460555,-0.4609273,-0.001658926,0.2533813,0.04566455,-0.1438368,0.2646613,-0.07662332,0.06419761,0.126588,-0.01263736,-0.1364787,-0.06421792,0.01391664,-0.1059875,0.04483797,0.1031237,-0.2412765,-0.06465878,-0.01463171,0.06342118
-0.3325719,-0.351155,-0.4913737,-0.00536588,0.2560079,0.03141213,-0.1351054,0.2403225,-0.05831308,0.047487,0.1223655,-0.007080534,-0.1402916,-0.06476898,0.01110515,-0.1022113,0.04115729,0.110499,-0.2359577,-0.05824196,-0.01122729,0.0697072
-0.3581328,-0.3405868,-0.5028283,-0.01256619,0.2576014,0.04146893,-0.1440848,0.246079,-0.06474123,0.04059071,0.1186569,-0.001140582,-0.1410534,-0.05903314,0.006084451,-0.09884992,0.04945495,0.1079189,-0.2348966,-0.05844285,0.002151228,0.07121578
-0.3833441,-0.3503391,-0.5316446,-0.01064935,0.2508378,0.04837831,-0.1410685,0.2441539,-0.06357827,0.04762303,0.1182045,-0.001866142,-0.1470209,-0.0555243,0.007595831,-0.1012902,0.04375113,0.1036039,-0.2291896,-0.06123676,0.005997161,0.07041755
-0.3992809,-0.3414861,-0.5372903,-0.00252092,0.250494,0.04325768,-0.117618,0.2331745,-0.05773824,0.03317628,0.1136929,-0.0006926954,-0.1437998,-0.05279148,0.02066071,-0.092251,0.03718296,0.1051501,-0.2207492,-0.05699166,0.004355272,0.07157478
-0.4220356,-0.351344,-0.5572786,-0.01244119,0.2564221,0.04739398,-0.1263435,0.2253712,-0.05977786,0.03787087,0.1121095,0.009160877,-0.1537769,-0.04757747,0.01807207,-0.09063888,0.04475448,0.09987245,-0.2213158,-0.05812503,0.01387899,0.07837911
-0.4509872,-0.357823,-0.5701861,-0.0221388,0.2688354,0.04677003,-0.1323829,0.2322648,-0.0578558,0.03976848,0.1197257,0.003255156,-0.1560035,-0.04412434,0.01727265,-0.0922057,0.03846134,0.1014369,-0.211008,-0.05740105,0.01450258,0.0762436
-0.4595744,-0.3568958,-0.575095,-0.02296946,0.2713004,0.05161388,-0.1358287,0.23519,-0.060334,0.04344352,0.1158872,0.002741742,-0.1560144,-0.04579483,0.01366731,-0.09087023,0.037542,0.09823328,-0.2080777,-0.05666443,0.01665864,0.07637897
-0.487877,-0.3546304,-0.594032,-0.02080973,0.2695138,0.06135372,-0.1161584,0.2294288,-0.06026971,0.03486441,0.1073447,0.00440315,-0.160447,-0.0471309,0.01908653,-0.09614419,0.02640392,0.1059423,-0.191529,-0.05457291,0.01624679,0.07261237
-0.4966815,-0.3513205,-0.6057274,-0.02585451,0.2726546,0.06443393,-0.1155339,0.2263865,-0.05052683,0.02095948,0.1051153,0.004337063,-0.1595294,-0.04839882,0.0261959,-0.09136391,0.02264287,0.1061781,-0.1860302,-0.05173107,0.01611622,0.07272739
-0.5273969,-0.3575391,-0.635304,-0.02443904,0.2767945,0.05660444,-0.1123477,0.2193073,-0.04723084,0.02854872,0.107806,0.009735801,-0.1665444,-0.03737595,0.02323257,-0.08600086,0.02851765,0.0974421,-0.1877648,-0.05337656,0.02724554,0.0789144
-0.5541465,-0.3698892,-0.6315973,-0.02751543,0.2837588,0.03759496,-0.0765838,0.2054451,-0.04686413,0.02432219,0.09580041,0.00449651,-0.1672728,-0.05082473,0.03791833,-0.08166894,-0.001834739,0.101041,-0.1767738,-0.04817959,0.01893315,0.07571474
-0.5722573,-0.366351,-0.657696,-0.0220195,0.2815795,0.04858286,-0.09170964,0.2222311,-0.04661151,0.03032351,0.09591772,0.006033322,-0.1674053,-0.04878153,0.04298502,-0.08432437,0.002881392,0.101706,-0.1698383,-0.04454258,0.01913338,0.07451379
-0.5839674,-0.3505946,-0.6673649,-0.03890853,0.2837367,0.06586682,-0.1109423,0.2301063,-0.04935495,0.03584107,0.09542321,0.009399517,-0.1721417,-0.03505478,0.03288658,-0.08517779,0.02292978,0.09908262,-0.1711126,-0.0458864,0.02476261,0.07638776
-0.6041926,-0.366549,-0.694452,-0.04158771,0.2884184,0.06728359,-0.1133544,0.2283704,-0.04320152,0.04242258,0.09530105,0.007327966,-0.1791148,-0.03061482,0.02638275,-0.08615325,0.02207451,0.100192,-0.1674694,-0.04458549,0.02685877,0.08017393
-0.61393,-0.3704099,-0.6961743,-0.03426326,0.3052224,0.04988609,-0.08852015,0.2171389,-0.03997581,0.03629022,0.08764275,0.007089996,-0.1761826,-0.03648283,0.03772717,-0.07829366,0.003062466,0.1009002,-0.1581128,-0.03654202,0.0208124,0.08199484
-0.6380346,-0.3665012,-0.7093441,-0.03693778,0.3045157,0.04955263,-0.08252669,0.2144748,-0.03579565,0.02870777,0.08174001,0.009281605,-0.1802517,-0.03540308,0.04387351,-0.07803608,-0.004843405,0.1044706,-0.1454944,-0.0306591,0.02187523,0.07616778
-0.6514829,-0.3591049,-0.7042558,-0.05454731,0.3217634,0.06177178,-0.1033605,0.2381893,-0.05272811,0.0535326,0.08280108,0.008474364,-0.1807637,-0.03753567,0.03901958,-0.07825531,-0.002839193,0.09896877,-0.1422263,-0.03365508,0.02280072,0.07071405
-0.6718008,-0.3638872,-0.7198717,-0.06347402,0.3219672,0.06124518,-0.09106731,0.2245053,-0.04469134,0.04260742,0.07808301,0.008128702,-0.1858226,-0.03497532,0.04663889,-0.07591777,-0.004906444,0.1036261,-0.1339697,-0.02532327,0.02061806,0.07090145
-0.6767018,-0.3651696,-0.7271185,-0.08154996,0.3276289,0.07405397,-0.0945994,0.2279061,-0.04037539,0.04927676,0.08384525,0.006762799,-0.1826599,-0.02830018,0.0389602,-0.07338586,0.005060374,0.09706148,-0.126246,-0.02885897,0.02722811,0.07457037
-0.6976692,-0.3779933,-0.7556772,-0.08086859,0.3279006,0.08797242,-0.08315469,0.2187486,-0.03950218,0.05082523,0.0766305,0.005356509,-0.1873253,-0.02285847,0.0368956,-0.07444154,0.00240548,0.107377,-0.1155923,-0.02209225,0.02457422,0.07734951
-0.7138985,-0.3777804,-0.7669525,-0.1019719,0.325081,0.06907948,-0.05569835,0.2036675,-0.03506437,0.04801969,0.06864322,0.002165443,-0.2012453,-0.02002131,0.04428614,-0.0756577,-0.00764966,0.09754589,-0.09427182,-0.0127238,0.03124727,0.06491168
-0.7253063,-0.3684194,-0.7586051,-0.1264159,0.3353295,0.06204985,-0.06106313,0.2117509,-0.04224924,0.05344322,0.06521674,0.003404316,-0.2050213,-0.01831664,0.042617,-0.07279243,-0.00692314,0.089629,-0.0864433,-0.009261427,0.03196664,0.05954198
-0.7352209,-0.3713384,-0.7786961,-0.1216559,0.3319204,0.0671462,-0.05290421,0.2034059,-0.03838654,0.05097176,0.06455,-0.0004375589,-0.205344,-0.01408557,0.04386258,-0.07074983,-0.009915569,0.08710176,-0.08201133,-0.009810922,0.03349181,0.0629267
-0.7425361,-0.3688634,-0.7862517,-0.131957,0.356598,0.06115755,-0.06100532,0.2090184,-0.04036829,0.06279985,0.05887994,0.002908826,-0.2104573,-0.00863927,0.03512547,-0.07179839,-0.00914725,0.08619082,-0.07282618,-0.008427422,0.03305409,0.06398638
-0.7576752,-0.3742552,-0.8084004,-0.1247216,0.3651111,0.07532162,-0.06517156,0.2057195,-0.03410667,0.06555981,0.05752136,-0.0005830569,-0.2051576,-0.01220836,0.03885588,-0.06809466,-0.009673531,0.0817026,-0.07245487,-0.004991145,0.03570643,0.06612378
-0.7654706,-0.374056,-0.8116364,-0.1653801,0.3571702,0.06026724,-0.04649516,0.2077164,-0.03864986,0.06169378,0.04528982,0.003591671,-0.2202391,-0.006294152,0.03590529,-0.06971059,-0.01257118,0.08280342,-0.05648933,0.004600041,0.03833887,0.05777708
-0.7850774,-0.383518,-0.829573,-0.1739769,0.3541329,0.05947301,-0.04532487,0.2047676,-0.03564099,0.06439009,0.04854231,-0.002186956,-0.2209493,-0.0012348,0.0367099,-0.06909429,-0.01489531,0.07758654,-0.04754197,0.007630095,0.03634857,0.05665718
-0.7935539,-0.3879803,-0.8350341,-0.1807222,0.3600731,0.05695991,-0.03976519,0.1989247,-0.03285391,0.0684038,0.04407404,-0.003933677,-0.2240894,0.0005548534,0.03761378,-0.06835704,-0.02216198,0.07414073,-0.04169572,0.01049569,0.03628654,0.05558078
-0.8010464,-0.3992548,-0.8458977,-0.1778512,0.3613622,0.06310693,-0.04411678,0.1944318,-0.03157261,0.0758805,0.0436697,-0.008617717,-0.2290153,-0.0007494179,0.03761121,-0.06711233,-0.02038649,0.07259196,-0.04199657,0.01069548,0.03774,0.05811715
-0.8060246,-0.3977929,-0.8471757,-0.1844146,0.3634296,0.06818262,-0.0423818,0.1952811,-0.03398146,0.07602038,0.0408935,-0.008612768,-0.2316955,0.001291225,0.03840002,-0.06671809,-0.01907342,0.07092807,-0.03774297,0.01453345,0.03962912,0.05889151
-0.8175235,-0.4084897,-0.858507,-0.1857425,0.3627979,0.07841501,-0.04190732,0.1889173,-0.02911763,0.07485443,0.04176486,-0.01254897,-0.232269,0.004992192,0.03583872,-0.06800772,-0.01903564,0.07253388,-0.03343483,0.01570245,0.04143361,0.06022167
-0.8173358,-0.408974,-0.8605754,-0.1842577,0.3626872,0.07235488,-0.03823355,0.185723,-0.02525037,0.05957912,0.04115511,-0.01057983,-0.231912,0.001696323,0.03455717,-0.06848297,-0.01927289,0.06619115,-0.02771038,0.01545911,0.04583427,0.06086539
-0.8186522,-0.4125077,-0.8641459,-0.1751489,0.3687208,0.08466873,-0.05237404,0.1918745,-0.02830041,0.07092804,0.04076013,-0.01192322,-0.234478,0.005467909,0.03209073,-0.07132308,-0.01170552,0.06573153,-0.03354507,0.01243938,0.04873708,0.06382459
-0.8262777,-0.4171887,-0.8666672,-0.1895262,0.3668319,0.07040284,-0.03175026,0.1832976,-0.02421571,0.06479704,0.03851809,-0.01375579,-0.2359757,0.004717516,0.03439613,-0.0691824,-0.02051496,0.06297453,-0.02287731,0.01551324,0.04696791,0.06176632
-0.8274788,-0.4192506,-0.8708876,-0.1704269,0.3866738,0.0893544,-0.06109798,0.2028058,-0.02864089,0.08313457,0.04371915,-0.01386718,-0.231781,0.007885094,0.02745079,-0.07000407,-0.007257773,0.06152073,-0.03363505,0.009602233,0.04788677,0.06257174
-0.8230996,-0.4263608,-0.8625109,-0.1932429,0.3812629,0.07925341,-0.04572089,0.2010654,-0.02951151,0.075697,0.0399105,-0.008916058,-0.2352194,0.008780955,0.02788783,-0.07206473,-0.01467035,0.05845115,-0.02472021,0.01290508,0.04963639,0.06012959
-0.8256574,-0.4321741,-0.8641322,-0.1965645,0.3805954,0.07808751,-0.04758972,0.1997637,-0.03068571,0.07461112,0.03599011,-0.009107597,-0.240068,0.01265797,0.02712817,-0.07081071,-0.01687587,0.05765007,-0.02196133,0.01419688,0.05018431,0.06342264
-0.8289182,-0.4348978,-0.8673944,-0.1830804,0.389641,0.0920515,-0.056501,0.2029524,-0.02966942,0.08113933,0.03360445,-0.006817523,-0.2405026,0.01453983,0.02619627,-0.07226143,-0.01199151,0.05758217,-0.02593102,0.01059387,0.05382773,0.0645199
-0.8236664,-0.4423269,-0.8621924,-0.1936051,0.3901661,0.08784407,-0.04475001,0.1949309,-0.02715089,0.07698403,0.03241864,-0.006701941,-0.2421852,0.01644866,0.02371034,-0.0760214,-0.01599487,0.05766225,-0.02155434,0.009962857,0.05715412,0.06606188
-0.8304641,-0.4456971,-0.8647439,-0.2016494,0.3967103,0.0885466,-0.04708233,0.1947112,-0.02891346,0.08358562,0.03115176,-0.008412604,-0.2448987,0.01834417,0.02362745,-0.07555189,-0.0158068,0.05694041,-0.01977895,0.01195275,0.05730011,0.06691713
-0.8281153,-0.4481746,-0.8609093,-0.1971604,0.396686,0.09531608,-0.04798197,0.1985653,-0.02863218,0.07938286,0.02401284,-0.00697763,-0.2478764,0.02083497,0.02567524,-0.07269339,-0.01650031,0.0551759,-0.0175112,0.01194148,0.05933151,0.07008919
-0.8320497,-0.4514631,-0.8639881,-0.1995179,0.3998047,0.09049934,-0.04596263,0.1994439,-0.0251206,0.08364096,0.02488882,-0.008424707,-0.2454772,0.01956904,0.02252275,-0.07562311,-0.01870411,0.05393239,-0.01624121,0.0106824,0.06012829,0.06861389
-0.8346407,-0.4494039,-0.8622953,-0.2025821,0.3974799,0.09454644,-0.04396999,0.2030511,-0.02944509,0.07639843,0.02149143,-0.005977128,-0.2428032,0.02361323,0.02318841,-0.0735722,-0.01893083,0.05194826,-0.01643576,0.01210794,0.062328,0.0692356
-0.8364615,-0.4473111,-0.854223,-0.2130599,0.3928808,0.1013536,-0.04434854,0.2040223,-0.03244021,0.07313866,0.01721955,-0.00556468,-0.2440816,0.02357934,0.02512884,-0.06965626,-0.01975727,0.0478371,-0.01438035,0.01612893,0.06320747,0.0664033
-0.8332619,-0.4548703,-0.8597539,-0.2100641,0.3949783,0.09820297,-0.04653795,0.207395,-0.03063659,0.07997041,0.01738707,-0.007812661,-0.245419,0.02352048,0.02327131,-0.07048198,-0.01927041,0.04847573,-0.01475273,0.0149253,0.0652954,0.06740693
-0.8303764,-0.4863776,-0.8375832,-0.2418757,0.4026298,0.1224,-0.0247327,0.205137,-0.02523626,0.08249126,0.03438536,-0.01351785,-0.2210729,0.03761766,0.01404379,-0.06650374,-0.01316825,0.06647906,-0.009257093,0.01746388,0.06761666,0.06490817
-0.8344014,-0.497146,-0.8477471,-0.2404159,0.3948381,0.1272812,-0.0175482,0.2002645,-0.02295752,0.07785933,0.03613819,-0.01188943,-0.2210975,0.04303329,0.0162712,-0.06603722,-0.01672529,0.07237623,-0.01090513,0.0192913,0.06692672,0.06900958
-0.8405014,-0.4895972,-0.8363228,-0.2653083,0.3998807,0.1055705,-0.00294776,0.197731,-0.01972525,0.07415702,0.03193175,-0.0101384,-0.2212945,0.0450844,0.01787519,-0.06172666,-0.02339307,0.06816008,-0.006205974,0.02690878,0.06663918,0.06443857
-0.8360756,-0.5072868,-0.8413351,-0.2570634,0.3935157,0.148082,-0.01957629,0.213719,-0.02489935,0.07311092,0.02795114,-0.006374935,-0.2086608,0.04611363,0.003669078,-0.06099866,-0.01284102,0.07006087,-0.01052163,0.01806129,0.07191457,0.06991804
-0.8322046,-0.506205,-0.8240941,-0.2801773,0.3930436,0.110743,0.02611811,0.1940085,-0.0200432,0.06030049,0.02752646,-0.008865672,-0.2136138,0.05120451,0.009678404,-0.05870023,-0.03158348,0.0703112,-0.00261065,0.02602764,0.07000771,0.06592926
-0.8266345,-0.5172543,-0.8266091,-0.2595836,0.3971558,0.1287042,-0.01098996,0.2059789,-0.02335401,0.07479611,0.0377871,-0.01298825,-0.2116602,0.04494357,0.005496703,-0.06690915,-0.02012174,0.07003976,-0.007562887,0.01742827,0.06929795,0.06928081
-0.8317246,-0.5246973,-0.8244802,-0.2725049,0.4033947,0.1014415,0.02136088,0.1908038,-0.01826685,0.07402918,0.03430922,-0.01498458,-0.2211574,0.04562125,0.009030223,-0.06154526,-0.03185128,0.06980941,-0.003654346,0.02247196,0.06876976,0.06629483
-0.8224995,-0.5387191,-0.805917,-0.2713242,0.4090489,0.09575645,0.0001343191,0.1881622,-0.01229544,0.07485211,0.04334165,-0.01510208,-0.2185476,0.04236057,-0.0005723462,-0.06025231,-0.03140753,0.0710034,-0.0006479397,0.01828238,0.07305472,0.07168175
-0.8245091,-0.5472376,-0.805164,-0.2724782,0.4115428,0.1002327,0.01401384,0.1855081,-0.01296206,0.07269179,0.04167781,-0.01407406,-0.2172266,0.0418764,-0.003699007,-0.06356304,-0.03649442,0.06736771,-0.001689469,0.01634916,0.07367765,0.07138706
-0.8231655,-0.5495825,-0.8067953,-0.2646281,0.4109467,0.09600129,0.001686603,0.188126,-0.009255948,0.07590866,0.03794123,-0.01244577,-0.2213241,0.04258597,-0.0004992212,-0.06116942,-0.03699948,0.06329264,-0.004713702,0.01856941,0.0737848,0.07446546
-0.8270821,-0.5617961,-0.8059443,-0.2549531,0.3859268,0.1072191,0.002183656,0.1876752,0.0006598706,0.07270185,0.04547196,-0.01111894,-0.2201817,0.04537239,0.0004605899,-0.06764261,-0.03738412,0.06536948,-0.005434277,0.01365913,0.0767072,0.07401265
-0.8258891,-0.5651769,-0.8074529,-0.2501492,0.3906259,0.1025063,0.001479899,0.1886482,0.002684608,0.07003599,0.04193938,-0.01180225,-0.222058,0.04747771,0.001926345,-0.06384467,-0.04079138,0.05918565,-0.004429897,0.0148446,0.07855439,0.07693338
-0.8167989,-0.5765355,-0.7863388,-0.2520429,0.3935824,0.09655774,0.001718611,0.1837072,0.005651978,0.07486236,0.04120354,-0.01300561,-0.2214272,0.04975514,-0.00088384,-0.06068046,-0.04526958,0.06147925,-0.004467938,0.01602252,0.07785854,0.07867805
-0.8166849,-0.5806851,-0.7838255,-0.2489031,0.3927514,0.1168097,-0.0133285,0.1914685,0.001715918,0.0769463,0.04720506,-0.01362076,-0.2105146,0.04640159,-0.002262789,-0.06586514,-0.03595075,0.06324012,-0.005217763,0.01227006,0.08071285,0.07836416
-0.8107336,-0.5855193,-0.7721484,-0.2510884,0.3947258,0.09514634,0.003039708,0.1823643,0.003112112,0.06749802,0.04755193,-0.01345196,-0.2135495,0.05307435,-0.004337984,-0.06179857,-0.04507777,0.06307855,-0.001602938,0.01445733,0.08003432,0.08044406
-0.7993205,-0.583559,-0.7555568,-0.2513667,0.3987736,0.0879984,-0.001192177,0.1830972,0.002154299,0.07020309,0.04976732,-0.01149322,-0.2145364,0.05076461,-0.008828717,-0.06167874,-0.04811141,0.06323612,-0.002565698,0.01132381,0.07784947,0.08198251
-0.7935516,-0.5792473,-0.7419443,-0.2567007,0.4132592,0.06656558,0.001556459,0.1840204,-0.000380247,0.07113237,0.05155016,-0.01393719,-0.2186693,0.04424072,-0.01219824,-0.05898136,-0.05370481,0.05924106,-0.00280527,0.01076622,0.07748583,0.07786718
-0.7866327,-0.5829815,-0.7391289,-0.245905,0.3981332,0.08211791,-0.009103957,0.1829924,-0.0010429,0.07413834,0.04539854,-0.01404809,-0.2142374,0.04200116,-0.01286198,-0.06269148,-0.05018998,0.05391644,-0.005073009,0.008769083,0.07963449,0.08082847
-0.782475,-0.5970404,-0.714844,-0.2491515,0.4118969,0.06778442,-0.01131006,0.1834857,-0.00159728,0.07562279,0.05646692,-0.01519509,-0.2072009,0.04048409,-0.01985764,-0.06099053,-0.04762482,0.0600598,-0.002475816,0.003640046,0.08135273,0.0842007
-0.7763162,-0.6042917,-0.7069764,-0.2293008,0.3995409,0.08232579,-0.0277137,0.1853243,-0.0005407204,0.07948302,0.05342832,-0.01026922,-0.2116126,0.03791535,-0.01862302,-0.06343516,-0.04543716,0.05581838,-0.005769514,-0.001123115,0.08557262,0.08901485
-0.6458202,-0.6715869,-0.5794038,-0.3754172,0.4007566,0.166315,0.2673464,0.0313195,0.0246922,0.04837111,0.2507609,-0.08308545,0.06449009,0.02085588,-0.1114992,0.04504291,-0.00444809,0.1534906,-0.003367305,-0.09135445,0.05384576,-0.08839215
-0.6430823,-0.6642312,-0.5808125,-0.3697439,0.3987699,0.157825,0.2619255,0.03071354,0.02980837,0.04667948,0.2475713,-0.08699287,0.06328174,0.01950915,-0.1167977,0.04227455,-0.01051146,0.1479666,0.0007896622,-0.09095847,0.05353198,-0.08759305
-0.6451455,-0.6700872,-0.5772079,-0.3650139,0.3999968,0.1604535,0.2684859,0.02607949,0.02486745,0.04508622,0.2426517,-0.08266434,0.06365227,0.02133533,-0.108366,0.04302646,-0.009158072,0.1513526,-0.002455823,-0.09091892,0.05538398,-0.08394829
-0.770555,-0.6275364,-0.6718481,-0.2424394,0.3927691,0.07823167,-0.02851448,0.1681879,0.01818462,0.07042176,0.0737088,-0.02179345,-0.1964896,0.04251808,-0.02073698,-0.06309891,-0.04128318,0.06361765,0.002998059,0.000521282,0.08376107,0.08674856
-0.753466,-0.6239476,-0.660118,-0.2315318,0.3971089,0.08725957,-0.05512774,0.1854268,0.002811458,0.07802757,0.07409969,-0.01776545,-0.2001098,0.03653004,-0.02411783,-0.06773058,-0.03960384,0.06435791,-0.00326002,-0.005691768,0.08741254,0.08703125
-0.6171038,-0.6794457,-0.5346252,-0.3667936,0.4035925,0.1466234,0.2610761,0.02279149,0.02457059,0.03788342,0.246001,-0.0838925,0.06839164,0.02190955,-0.1104722,0.04796153,-0.01362216,0.1577905,-0.00400251,-0.09536576,0.05363724,-0.07630701
-0.7391595,-0.6329053,-0.6397406,-0.2285229,0.4016543,0.07314912,-0.05388896,0.1730174,0.01213899,0.07485111,0.07534733,-0.01891764,-0.1939229,0.03158306,-0.02655617,-0.06678572,-0.03852885,0.06277389,0.001898664,-0.008636877,0.0898667,0.09036917
-0.6098374,-0.6838682,-0.5328434,-0.3556046,0.3967105,0.1455795,0.2402242,0.02993704,0.02497905,0.05278294,0.2457798,-0.08701526,0.06135709,0.01280515,-0.1221122,0.03447216,-0.01563392,0.1532027,-0.001745796,-0.0936358,0.05223758,-0.07626146
-0.6125519,-0.6820383,-0.5309239,-0.3599892,0.3970559,0.1474689,0.232824,0.03622924,0.02040778,0.06382642,0.2468096,-0.0886874,0.05574097,0.01059554,-0.1272707,0.02636671,-0.01656215,0.1508635,0.0004690289,-0.09226444,0.05106418,-0.08051725
-0.6087033,-0.7014728,-0.5153324,-0.3727421,0.3993105,0.1399551,0.241836,0.02490232,0.02826067,0.0556324,0.2458432,-0.09050349,0.05466963,0.01211933,-0.1248314,0.02860042,-0.01927757,0.1618198,0.002686026,-0.0943682,0.05407879,-0.07860421
-0.606701,-0.7052416,-0.5184007,-0.3641485,0.3976855,0.1353037,0.2377145,0.02718111,0.02648041,0.059096,0.240896,-0.08892808,0.05167108,0.01199032,-0.1266739,0.03093102,-0.02102601,0.1545406,-9.127086e-05,-0.0925433,0.05573532,-0.07425708
-0.6161838,-0.7231078,-0.5227318,-0.3615149,0.3762607,0.1464079,0.2309505,0.02108111,0.03896638,0.06326098,0.2447371,-0.09036302,0.04777807,0.01387366,-0.1324722,0.01491023,-0.02493672,0.1619198,-0.0005397995,-0.09117232,0.05412709,-0.07248061
-0.6148725,-0.7359545,-0.5234892,-0.3624032,0.3861467,0.1316748,0.247556,0.0037706,0.04709663,0.04504324,0.2438034,-0.08894374,0.05269114,0.01676152,-0.1244056,0.03206827,-0.02235935,0.1675486,0.0007623881,-0.09341703,0.06038556,-0.06629454
-0.624417,-0.7353861,-0.5327179,-0.3483127,0.3705443,0.1464907,0.2066417,0.02888161,0.04168858,0.07425549,0.2465994,-0.08496144,0.03624641,0.01985021,-0.1386931,0.003783392,-0.02985846,0.1598549,-0.004656103,-0.08935254,0.05153802,-0.07015871
-0.6287789,-0.7418925,-0.5381166,-0.3568522,0.3692479,0.1427052,0.2117417,0.02214397,0.04675737,0.07610612,0.2444934,-0.08855572,0.03279537,0.0178766,-0.1364372,0.004642834,-0.03032078,0.1631404,-0.003234147,-0.08810576,0.05235941,-0.07087391
-0.6311248,-0.7445023,-0.5388744,-0.3599667,0.3724519,0.1406281,0.2083357,0.02343394,0.04661373,0.08334897,0.2447677,-0.0881088,0.03213579,0.01506849,-0.1413159,0.0006351664,-0.03026566,0.164522,-0.002952648,-0.0867696,0.04956343,-0.07231439
-0.6255235,-0.7381238,-0.5348034,-0.3510667,0.3769645,0.1351226,0.1933102,0.02959966,0.04655674,0.08493494,0.2457489,-0.08824322,0.02923321,0.01921497,-0.1449606,-0.003719055,-0.03431683,0.1623351,-0.001282728,-0.08537152,0.04849533,-0.0679156
-0.6251954,-0.7426768,-0.5372571,-0.3502471,0.3800687,0.1310655,0.1976351,0.02426458,0.04816253,0.08378144,0.2436667,-0.0895262,0.02691613,0.0175586,-0.1435277,0.0005710448,-0.03420374,0.1639809,-0.001418659,-0.08441781,0.04994756,-0.06718636
-0.6213519,-0.7456062,-0.529635,-0.3680885,0.3868322,0.1230518,0.1878679,0.02557315,0.05319791,0.08933099,0.2456531,-0.09307107,0.02866062,0.01776833,-0.1495247,-0.001638615,-0.03883354,0.1699035,0.0008133377,-0.08442903,0.04339211,-0.06573396
-0.6200917,-0.7573037,-0.5267679,-0.3802944,0.3804082,0.1157546,0.2002405,0.01103196,0.05266763,0.08638182,0.2438662,-0.09238978,0.02126387,0.01868452,-0.1486087,-0.00227124,-0.03514196,0.1727018,0.004381653,-0.08438735,0.04870882,-0.06690527
-0.6196302,-0.7551332,-0.528027,-0.3700312,0.3908816,0.1207188,0.1860971,0.02133073,0.05970744,0.1016494,0.2498103,-0.0980102,0.02885781,0.009316851,-0.1468948,-0.007490913,-0.04378957,0.1731817,-0.0004691134,-0.07997381,0.03770186,-0.06559136
-0.6094228,-0.7592692,-0.5196787,-0.3761545,0.3916537,0.1031608,0.1990165,0.01016136,0.058367,0.07977431,0.24036,-0.09421619,0.02464536,0.01897111,-0.1479931,0.005624525,-0.04092573,0.1737526,0.006752384,-0.08291429,0.0498305,-0.06314096
-0.6072566,-0.772682,-0.5158451,-0.3850897,0.3878046,0.1009683,0.1970374,0.008938432,0.067363,0.08268593,0.2467066,-0.09544761,0.02661006,0.01509594,-0.152332,0.0007831429,-0.04318735,0.1756568,0.008487031,-0.08178877,0.04578045,-0.06407376
-0.6195065,-0.7602785,-0.5330725,-0.366893,0.4153144,0.109219,0.1794801,0.0283307,0.05513934,0.1188762,0.2585765,-0.1076301,0.03435038,-0.0001633788,-0.1477741,-0.004376361,-0.05264542,0.1742067,-0.002252794,-0.06904401,0.02751751,-0.06522498
-0.62081,-0.7639526,-0.5301842,-0.3760194,0.4178081,0.09988305,0.1828352,0.02199004,0.05642962,0.1139165,0.2584429,-0.1053815,0.03302917,0.003650216,-0.1510445,-0.003945482,-0.04933847,0.1787499,-0.0004623619,-0.07025923,0.02906065,-0.06406321
-0.6226556,-0.765573,-0.527122,-0.3675199,0.4170872,0.1013076,0.1745672,0.02337921,0.05889427,0.1180997,0.2660162,-0.1100309,0.0332864,-0.002469999,-0.1529456,-0.005564593,-0.04832125,0.1758606,-0.002803565,-0.06616439,0.02500556,-0.06397959
-0.6219053,-0.7688004,-0.5322992,-0.3792198,0.420986,0.09297875,0.1766828,0.02119319,0.06145523,0.1215112,0.2659165,-0.1109665,0.02875269,0.0001169282,-0.1550444,-0.005772353,-0.04834202,0.1774979,-0.002355446,-0.0655388,0.0251997,-0.06422251
-0.6247675,-0.7767478,-0.5311052,-0.3772259,0.4159875,0.09060133,0.1702038,0.0202953,0.0637332,0.1241068,0.2655838,-0.1134782,0.0251427,-0.0002508089,-0.1561679,-0.007436179,-0.04891031,0.1776078,-0.002949422,-0.064025,0.02290516,-0.06158003
-0.6281642,-0.774874,-0.5317748,-0.3725924,0.4203676,0.09549385,0.1639577,0.02466121,0.05890049,0.1364528,0.2689782,-0.1194633,0.02303484,-0.011604,-0.1557599,-0.01092945,-0.05201049,0.1761053,-0.007160235,-0.06039119,0.01784341,-0.06523447
-0.6124849,-0.7892041,-0.5242486,-0.3733287,0.4176649,0.07608958,0.1732447,0.01451393,0.06597385,0.1209361,0.2620901,-0.1131692,0.01630552,-0.004320117,-0.1559007,-0.005477518,-0.05661679,0.1791998,-0.002658617,-0.06466466,0.02383452,-0.05719381
-0.6139991,-0.791022,-0.526956,-0.3765532,0.4241742,0.07138479,0.1754266,0.0100023,0.06613235,0.1239587,0.2625264,-0.1151127,0.01529408,-0.004367067,-0.157479,-0.004998364,-0.05669257,0.1827334,-0.003206704,-0.06266568,0.0216373,-0.05695066
-0.6203315,-0.7962371,-0.5307001,-0.3551948,0.4079896,0.06676611,0.1640022,0.009798373,0.0725578,0.1265487,0.2626813,-0.1150396,0.009157705,-0.00713899,-0.1568184,-0.01055715,-0.06069293,0.179859,-0.007854112,-0.06193415,0.02024445,-0.05444788
-0.6326342,-0.7839053,-0.5308446,-0.3585279,0.416407,0.07889089,0.144126,0.02626826,0.06345474,0.1450835,0.2652396,-0.1244372,0.007244967,-0.01303014,-0.1618335,-0.01730228,-0.05877527,0.1749981,-0.009368605,-0.05488681,0.01282624,-0.0589276
-0.6302218,-0.8001237,-0.5437743,-0.3765963,0.414317,0.06374052,0.1348405,0.02944118,0.07076142,0.1549443,0.2707129,-0.1269832,-0.006458182,-0.01558849,-0.1686316,-0.01894678,-0.05417973,0.1756741,-0.01108788,-0.05004914,0.008811156,-0.05907092
-0.6399736,-0.7990193,-0.5476712,-0.4000213,0.4292797,0.05689688,0.1213934,0.02914216,0.06291633,0.1804045,0.2772793,-0.1318195,-0.02038191,-0.01712943,-0.1779848,-0.02752819,-0.04343315,0.1782996,-0.01670108,-0.04517625,0.0004112696,-0.0591922
-0.6395223,-0.8104277,-0.5487527,-0.3908413,0.430591,0.0432092,0.1432952,0.01431515,0.07317286,0.1531903,0.2734502,-0.1236124,-0.009185164,-0.0142704,-0.1660704,-0.01759015,-0.05036331,0.1839313,-0.01223456,-0.04825543,0.008175411,-0.05532176
-0.6655226,-0.8400977,-0.5692609,-0.3992641,0.4067918,0.04344079,0.145816,-0.004368985,0.08990043,0.1612311,0.2760027,-0.1276761,-0.02445865,-0.01068459,-0.1658742,-0.02676276,-0.04623946,0.1793594,-0.01257797,-0.04433814,0.00475865,-0.0531317
-0.6617014,-0.844593,-0.5775807,-0.4123579,0.4078089,0.03762798,0.1376424,-0.0008943019,0.09130085,0.169973,0.2763204,-0.1277323,-0.03280039,-0.008413743,-0.1721746,-0.03192758,-0.04137234,0.1781795,-0.01362513,-0.04099115,0.0009556487,-0.05103722
-0.6702713,-0.852082,-0.5848318,-0.4075408,0.4142145,0.02819751,0.1348206,0.003306476,0.08992413,0.1867588,0.2779818,-0.1285796,-0.04216627,-0.01045887,-0.1720026,-0.03549092,-0.03990582,0.1781852,-0.02127853,-0.03895674,-0.002853489,-0.04970571
-0.6746387,-0.8560727,-0.596207,-0.406294,0.4248561,0.02420595,0.1300356,0.001208179,0.09289515,0.1944309,0.2827425,-0.1318385,-0.04456042,-0.01560717,-0.1719746,-0.03659767,-0.04098955,0.1779932,-0.02501074,-0.03588099,-0.006307411,-0.04892809
-0.6852832,-0.8647828,-0.6130335,-0.4001632,0.4236085,0.0175558,0.1276551,-0.002791197,0.1052362,0.1954847,0.2825651,-0.1314152,-0.04845085,-0.01444785,-0.168891,-0.0375773,-0.04411444,0.1777408,-0.02576649,-0.03445209,-0.006736337,-0.04734518
-0.6950352,-0.8717728,-0.623342,-0.4079217,0.4187995,0.00708823,0.1166871,0.001426668,0.1106887,0.2048731,0.2816581,-0.1318617,-0.06343141,-0.01207252,-0.1711462,-0.04527299,-0.04210213,0.1739758,-0.02499214,-0.0331281,-0.0072785,-0.0465184
-0.6992797,-0.8681533,-0.637963,-0.3983179,0.4287057,0.01559826,0.1055437,0.01430664,0.1091161,0.216163,0.2886609,-0.132698,-0.06148336,-0.02345289,-0.1663639,-0.04967854,-0.04362653,0.1675069,-0.02960483,-0.03142641,-0.0126699,-0.04766397
-0.7014718,-0.876334,-0.6374259,-0.3942854,0.4365905,-0.0007347797,0.1239626,-0.003061457,0.1162898,0.2087476,0.287091,-0.1328596,-0.06022343,-0.0189603,-0.1611582,-0.04331595,-0.04704104,0.1783155,-0.03191569,-0.03259338,-0.01231413,-0.0424518
-0.7154572,-0.8790541,-0.6630886,-0.3558591,0.4618997,0.0006105353,0.1062968,0.0198233,0.1142631,0.2248082,0.2931222,-0.1353876,-0.05054643,-0.04774845,-0.1509764,-0.04150933,-0.0523291,0.1618443,-0.04545811,-0.02705108,-0.02469127,-0.04463801
-0.7202728,-0.8916299,-0.6584458,-0.3685154,0.4533726,-0.002957623,0.1218114,0.0008929117,0.1245861,0.219308,0.2872095,-0.1347045,-0.05783371,-0.03644266,-0.1530764,-0.04296746,-0.04820724,0.1692297,-0.04415917,-0.02750935,-0.01994343,-0.04098453
-0.7223672,-0.8877864,-0.6741142,-0.3811205,0.4638221,-0.01354895,0.132324,-0.002223855,0.1272134,0.221665,0.2921971,-0.1381549,-0.05226046,-0.039402,-0.1491546,-0.03976308,-0.04597771,0.1653342,-0.04710511,-0.02678317,-0.0220374,-0.04566706
-0.7288242,-0.8840618,-0.6895345,-0.3634509,0.4700204,-0.01217505,0.1205119,0.01769173,0.1276577,0.2319458,0.2948184,-0.1422341,-0.04707502,-0.0532308,-0.1430242,-0.04031288,-0.054459,0.1509601,-0.05521658,-0.02286707,-0.02784172,-0.0481007
-0.7246928,-0.8851452,-0.69177,-0.3844433,0.480459,-0.02410612,0.1469095,-0.001536119,0.1322548,0.2243296,0.298573,-0.1455856,-0.04444078,-0.04332186,-0.1428571,-0.03656307,-0.04682194,0.1645285,-0.05359581,-0.02335064,-0.0271216,-0.04857913
-0.7230971,-0.898546,-0.704672,-0.3821621,0.4914123,-0.0368141,0.1453434,-0.000349133,0.1381685,0.226173,0.3014325,-0.1466941,-0.0462081,-0.04332918,-0.1435876,-0.03396968,-0.05205988,0.1610599,-0.05536316,-0.02354564,-0.02951553,-0.04626784
-0.7246153,-0.9107172,-0.7032971,-0.3848729,0.4919438,-0.04754811,0.1527436,-0.008158381,0.1461806,0.2214023,0.3006642,-0.1460956,-0.04517554,-0.04319931,-0.1429671,-0.03167014,-0.05187382,0.165543,-0.0552506,-0.02273853,-0.02797449,-0.04521385
-0.7397344,-0.914753,-0.7257478,-0.3598565,0.4966227,-0.03888684,0.1285999,0.01481538,0.1487693,0.2379983,0.3047781,-0.1482324,-0.04504809,-0.05754934,-0.1373149,-0.03670194,-0.05693911,0.1411476,-0.0664803,-0.0218371,-0.03342545,-0.04140073
-0.7401445,-0.9155102,-0.736465,-0.3589782,0.4960023,-0.04666832,0.1293084,0.01569484,0.1466199,0.2377494,0.3022971,-0.1495824,-0.05356253,-0.05577633,-0.1367025,-0.03753714,-0.05657022,0.1397405,-0.06896619,-0.02292142,-0.03277566,-0.03800712
-0.7599991,-0.9074802,-0.7530205,-0.3459558,0.5008553,-0.05373971,0.1107524,0.02759762,0.1423841,0.2514853,0.2977696,-0.1474785,-0.06268861,-0.05977755,-0.1275959,-0.04249172,-0.05601896,0.1281185,-0.07255277,-0.02163365,-0.03163878,-0.0381906
-0.757242,-0.91236,-0.7450129,-0.3573447,0.5081043,-0.0708889,0.136225,0.00633696,0.1493777,0.238271,0.2923792,-0.1515279,-0.06212704,-0.05033145,-0.1261117,-0.03484637,-0.0605752,0.1424166,-0.07095362,-0.01894072,-0.02847961,-0.03644541
-0.7677948,-0.9236221,-0.7584093,-0.3542146,0.5074447,-0.07964358,0.1354537,0.007602117,0.156817,0.240007,0.294822,-0.1528841,-0.06092626,-0.05051059,-0.1266061,-0.03372379,-0.06086574,0.1332568,-0.07153912,-0.01759416,-0.02767288,-0.03208214
-0.7686491,-0.9280617,-0.7627694,-0.3494557,0.5101497,-0.08008044,0.1352988,0.01160919,0.1575683,0.2450075,0.296427,-0.1518465,-0.06445605,-0.05353984,-0.1272003,-0.03523124,-0.06212616,0.1252214,-0.07537379,-0.02031356,-0.03003204,-0.03256967
-0.7850847,-0.9221454,-0.8000765,-0.3248338,0.5143982,-0.0785341,0.1051858,0.04268732,0.1581067,0.2654781,0.2974861,-0.1492456,-0.06318331,-0.0814961,-0.1270349,-0.03834403,-0.06360994,0.09920418,-0.08180066,-0.02391534,-0.03242412,-0.03650055
-0.7954052,-0.9196363,-0.8224699,-0.3186245,0.5268163,-0.08267733,0.08772495,0.0543827,0.155803,0.2728042,0.2969309,-0.1503296,-0.07397406,-0.08025249,-0.121297,-0.03877082,-0.0665086,0.09342152,-0.08108962,-0.0236153,-0.02931238,-0.03639784
-0.7967392,-0.9280512,-0.8252428,-0.3289708,0.5227942,-0.08558927,0.09362635,0.04468485,0.1622857,0.2667669,0.2941015,-0.1487566,-0.0768721,-0.07680016,-0.1211202,-0.03819698,-0.06302778,0.09690302,-0.08234493,-0.02126911,-0.02762725,-0.0341743
-0.8057436,-0.9422719,-0.8352382,-0.3371763,0.523107,-0.09246263,0.1034076,0.04036436,0.1671725,0.2686883,0.2952027,-0.1486688,-0.07083964,-0.07607941,-0.1267983,-0.03595989,-0.06055453,0.09416342,-0.08386746,-0.01991951,-0.02752236,-0.03426769
-0.8128713,-0.9461467,-0.8348436,-0.3363573,0.5263789,-0.09442454,0.1084995,0.03969475,0.1668783,0.2701066,0.2902115,-0.1486877,-0.07545095,-0.07659079,-0.1235433,-0.03717075,-0.05926798,0.09334014,-0.08341124,-0.01977305,-0.0237522,-0.03495661
-0.8258451,-0.9509833,-0.8384931,-0.3442702,0.5265195,-0.1037217,0.1083587,0.03215626,0.1720294,0.273064,0.2936088,-0.1475305,-0.07582433,-0.0707133,-0.1255852,-0.03437241,-0.05581345,0.09134675,-0.08338831,-0.02030162,-0.02572292,-0.03116626
-0.831855,-0.95999,-0.8356301,-0.3568189,0.5241508,-0.1075309,0.1179276,0.0288375,0.1749438,0.2723875,0.296166,-0.1469268,-0.07426899,-0.0745656,-0.1282448,-0.03590368,-0.05292865,0.0883643,-0.08190638,-0.0193802,-0.02284399,-0.03726032
-0.8274822,-0.9512321,-0.8538003,-0.3706894,0.5263773,-0.1146647,0.1173771,0.02966806,0.1825573,0.2728955,0.2957207,-0.1524673,-0.0733132,-0.06856183,-0.1297264,-0.03256273,-0.05310448,0.08765046,-0.07840842,-0.01664212,-0.02413533,-0.03767807
-0.8374521,-0.9499491,-0.8519995,-0.3526095,0.5393037,-0.1159124,0.08624061,0.05543597,0.1639075,0.2862614,0.2968543,-0.1518109,-0.07169364,-0.08907875,-0.133796,-0.03408686,-0.05559275,0.05611661,-0.08199394,-0.02307491,-0.0105101,-0.04384207
-0.8202577,-0.9535198,-0.8740597,-0.3824976,0.5385478,-0.1232398,0.1153656,0.03448783,0.1835196,0.267081,0.3020614,-0.1612888,-0.06463049,-0.06949174,-0.1319542,-0.02696145,-0.05461012,0.0820925,-0.07668806,-0.01481077,-0.02190412,-0.04042692
-0.8182676,-0.9468186,-0.8843453,-0.3807186,0.548475,-0.1342003,0.1099034,0.04295452,0.1717965,0.2748169,0.2965443,-0.1587842,-0.07376382,-0.07233322,-0.1265442,-0.02609876,-0.05437143,0.08046208,-0.07709466,-0.01493613,-0.02037971,-0.0430764
-0.8250405,-0.9444844,-0.8844127,-0.3835257,0.5554464,-0.1366559,0.1167478,0.03886903,0.1747434,0.2716645,0.2966542,-0.1582714,-0.07317401,-0.06720359,-0.1272154,-0.02423896,-0.05280374,0.08481088,-0.07705317,-0.01573496,-0.02037344,-0.038731
-0.8346907,-0.9333306,-0.9002516,-0.3663563,0.5673385,-0.1382603,0.07899312,0.06489644,0.163041,0.2849647,0.2984176,-0.1610437,-0.07195071,-0.08647111,-0.1299314,-0.023589,-0.05596819,0.04788891,-0.07879426,-0.02283491,-0.008205477,-0.04272677
-0.8276841,-0.9517968,-0.8997236,-0.3942037,0.5568606,-0.1479577,0.1137609,0.04397267,0.1767877,0.2759244,0.2988061,-0.1609386,-0.07492254,-0.06821614,-0.1264357,-0.02620758,-0.04948153,0.07201279,-0.07962269,-0.01748494,-0.01356108,-0.03966752
-0.8379281,-0.9582992,-0.9030038,-0.3935644,0.5558521,-0.1465709,0.1225425,0.03986755,0.1782971,0.271376,0.2935787,-0.1633944,-0.07894234,-0.0627441,-0.1249953,-0.02253856,-0.04855454,0.07813975,-0.08028151,-0.01511075,-0.01416047,-0.0359431
-0.8492489,-0.9642153,-0.9159091,-0.3941079,0.5537367,-0.1515773,0.1208858,0.04160976,0.1816041,0.2778285,0.2990857,-0.1626792,-0.08132765,-0.06379255,-0.1233076,-0.02346696,-0.04673729,0.06923556,-0.08261158,-0.01897809,-0.01043024,-0.0340283
-0.8539097,-0.9537449,-0.9204589,-0.3677684,0.5635659,-0.1467098,0.0913665,0.06454881,0.1719039,0.2866377,0.2988717,-0.1661142,-0.07663246,-0.08098291,-0.1249516,-0.02202519,-0.05337225,0.03906664,-0.08493567,-0.02478662,0.0003358871,-0.03626999
-0.8622598,-0.959625,-0.9272163,-0.3768189,0.5707748,-0.1535522,0.08858915,0.07047861,0.1743439,0.283219,0.30262,-0.1689894,-0.07245962,-0.07962309,-0.1247552,-0.01749679,-0.05265939,0.035706,-0.08006393,-0.02001623,0.001008191,-0.03756655
-0.8641745,-0.9589574,-0.9335938,-0.3703991,0.5703233,-0.1591511,0.08530045,0.07451683,0.1746792,0.2895068,0.2985605,-0.1673823,-0.08001433,-0.07819701,-0.1227197,-0.01694272,-0.0536203,0.03218016,-0.08070748,-0.01995217,0.0003262796,-0.03655581
-0.8677539,-0.9547353,-0.9420977,-0.3665654,0.5692201,-0.161492,0.07723191,0.08127808,0.1740167,0.2921713,0.297158,-0.1704226,-0.07869899,-0.08296325,-0.1192775,-0.01931309,-0.05528622,0.02027819,-0.07985261,-0.01908466,0.008274744,-0.03641723
-0.8768818,-0.9640524,-0.9487891,-0.3833404,0.5695779,-0.161965,0.08752301,0.07533873,0.1901275,0.2824488,0.3002632,-0.1703059,-0.07264502,-0.07706361,-0.1174188,-0.01415973,-0.05097626,0.01968683,-0.07853408,-0.01688377,0.009508269,-0.03511945
-0.876413,-0.962651,-0.9530662,-0.3779433,0.5739914,-0.1684835,0.08971594,0.07568464,0.1897798,0.2843316,0.3016873,-0.1713382,-0.07023936,-0.07839156,-0.1163581,-0.01490196,-0.05092984,0.01912373,-0.07780134,-0.01846369,0.01137116,-0.03514231
-0.8794146,-0.9696892,-0.9584341,-0.3746276,0.5694548,-0.1662304,0.09180796,0.07480072,0.1887266,0.2879997,0.3035313,-0.176098,-0.07224434,-0.07884268,-0.1133713,-0.01343867,-0.05227368,0.01217748,-0.07952971,-0.01676345,0.01310819,-0.03399386
-0.8868195,-0.9685285,-0.9598526,-0.3743556,0.5745009,-0.174867,0.08991628,0.07908177,0.1897627,0.2925079,0.297766,-0.1781091,-0.07588807,-0.07639349,-0.1139305,-0.009200312,-0.05589227,0.007408658,-0.07695795,-0.01501011,0.01628827,-0.03275921
-0.894105,-0.9679604,-0.9680325,-0.3818383,0.5804906,-0.1747531,0.08777404,0.08320715,0.1799881,0.2893877,0.3017064,-0.1770902,-0.07477044,-0.07372323,-0.1119338,-0.008394185,-0.05315416,0.006691653,-0.07891083,-0.01753531,0.0199191,-0.03031521
-0.899224,-0.9431913,-0.9791339,-0.3666314,0.5869787,-0.184045,0.05806288,0.1011777,0.1699766,0.2950162,0.2888155,-0.1668916,-0.08277937,-0.07156783,-0.1157313,-0.008240993,-0.05553882,0.006119551,-0.06617087,-0.01628364,0.02129552,-0.03346099
-0.8961908,-0.9400778,-0.9808226,-0.3682637,0.5834131,-0.1849616,0.06255597,0.09975141,0.1660985,0.2954144,0.2851747,-0.170165,-0.08643327,-0.07046937,-0.1139419,-0.00866509,-0.05607807,0.005592324,-0.06604124,-0.01538941,0.021227,-0.03687866
-0.8980749,-0.9575906,-0.9734815,-0.3623389,0.5758076,-0.1790985,0.08416355,0.0888476,0.1672356,0.2972251,0.2847009,-0.1680036,-0.09191352,-0.07507648,-0.1068678,-0.01530553,-0.05766805,-0.001624193,-0.073838,-0.01902706,0.02428303,-0.0322535
-0.8940778,-0.9570429,-0.9785998,-0.3662544,0.5786008,-0.1828783,0.09704902,0.08923031,0.1665575,0.2919467,0.2832323,-0.1670096,-0.09055501,-0.07642967,-0.1036141,-0.01289733,-0.05517071,-0.0002944636,-0.07279925,-0.01887141,0.02349278,-0.03470025
-0.8958918,-0.9582459,-0.9782495,-0.3620552,0.5793695,-0.1885468,0.09949329,0.08931444,0.1615713,0.2908041,0.2807619,-0.1657752,-0.09690797,-0.0747844,-0.1011523,-0.0145708,-0.05631818,-0.001968757,-0.07453876,-0.01983296,0.02689133,-0.0325564
-0.8930082,-0.9501759,-0.9678467,-0.3521086,0.5654883,-0.179324,0.09336249,0.09728459,0.1502611,0.3090836,0.2624744,-0.1545283,-0.1013422,-0.07405493,-0.09806353,-0.0187204,-0.05914195,0.003664145,-0.07840142,-0.01842622,0.02429657,-0.03905812
-0.8913344,-0.9525187,-0.9751329,-0.3242823,0.5686611,-0.1777365,0.08841125,0.1094805,0.1366451,0.309982,0.2492417,-0.1457365,-0.1122834,-0.07112505,-0.09810283,-0.01812783,-0.06855445,0.005387782,-0.07657335,-0.01831247,0.02145398,-0.03621732
-0.8918592,-0.8657328,-0.9669355,-0.2547511,0.5935326,-0.2385818,-0.136939,0.1823257,0.06823325,0.3808336,0.1162016,-0.05568844,-0.2577465,-0.00974139,-0.02778007,-0.06860542,-0.06133876,-0.02897273,-0.02431344,0.01301962,0.05110143,0.06012915
-0.8955416,-0.8919775,-0.9686826,-0.2706608,0.5804389,-0.2388399,-0.09801135,0.1647086,0.07897776,0.3728499,0.1272918,-0.06032454,-0.2613199,-0.007150424,-0.02460342,-0.07802356,-0.06083832,-0.03195118,-0.03133733,0.01083746,0.05375062,0.05734608
-0.8910524,-0.890464,-0.969568,-0.2682425,0.5923681,-0.2357736,-0.1196002,0.1763937,0.05571685,0.3800075,0.1312547,-0.05625099,-0.2611047,-0.01257595,-0.02259754,-0.07463925,-0.06209118,-0.03473455,-0.03199694,0.01259017,0.0520657,0.05723928
-0.891283,-0.8889949,-0.9633505,-0.2770618,0.5889351,-0.2424051,-0.09545294,0.1666865,0.06497116,0.3732629,0.1216558,-0.05790929,-0.2633817,-0.002760333,-0.02556228,-0.07835013,-0.06459054,-0.0277886,-0.02780264,0.01321075,0.05132506,0.05081919
-0.8770579,-0.8905503,-0.9685265,-0.2545089,0.5932592,-0.2205803,-0.1291917,0.1971084,0.04087365,0.3955368,0.1220343,-0.04431823,-0.2670531,-0.01863775,-0.01818333,-0.07864758,-0.06131776,-0.02953578,-0.03482012,0.01208016,0.04819444,0.05155958
-0.8729692,-0.8789452,-0.9733116,-0.2569679,0.5820481,-0.2337934,-0.09145174,0.186753,0.04122837,0.3817706,0.1161262,-0.05201331,-0.2750835,-0.008042542,-0.01352176,-0.08323982,-0.07018342,-0.02621563,-0.03515375,0.0112798,0.04228511,0.04561668
-0.875756,-0.8815908,-0.9833388,-0.2573353,0.5741954,-0.2351698,-0.09074771,0.1856472,0.0400583,0.3752274,0.1103356,-0.04975072,-0.2819807,-0.001861379,-0.01370578,-0.08360651,-0.07206289,-0.02220007,-0.0364245,0.01359173,0.04297842,0.044408
-0.8658102,-0.8731935,-0.9888149,-0.2514954,0.5908596,-0.2240477,-0.116191,0.2082535,0.0194201,0.3888429,0.1082627,-0.04616626,-0.2799004,-0.01076113,-0.009784912,-0.08408915,-0.07560921,-0.01140129,-0.03693786,0.01875271,0.03660692,0.04327222
-0.8532539,-0.8724609,-0.9842768,-0.2479161,0.5846291,-0.2134867,-0.1212003,0.2119697,0.009928196,0.3954876,0.1059247,-0.04343795,-0.2833835,-0.01635513,-0.008748892,-0.08624516,-0.07490086,-0.008315678,-0.03874205,0.01914376,0.03373704,0.03956121
-0.8401289,-0.8450366,-0.9866329,-0.2180056,0.593939,-0.2181939,-0.1442152,0.227506,-0.004797531,0.4043078,0.09189134,-0.03803845,-0.2997873,-0.02741509,-0.004547348,-0.08932952,-0.08033966,-0.01804542,-0.03947343,0.01534497,0.02892352,0.03979572
-0.8411337,-0.8484032,-0.9892451,-0.2208151,0.5833393,-0.2206808,-0.1373916,0.226018,-0.008926957,0.403612,0.08554721,-0.03372633,-0.301092,-0.02336451,-0.001987456,-0.08806711,-0.08217162,-0.01115474,-0.04631766,0.01679694,0.02608394,0.03943151
-0.8292098,-0.8510396,-0.9850335,-0.2127674,0.5834925,-0.2104663,-0.1436078,0.2352111,-0.01767981,0.4086729,0.08137382,-0.02716693,-0.306656,-0.02427625,-0.002733572,-0.09213743,-0.08063111,-0.01266584,-0.04307928,0.01535708,0.02664581,0.03945988
-0.8212488,-0.8490515,-0.9842594,-0.2143496,0.5794847,-0.2081321,-0.1294692,0.234109,-0.01696016,0.4063131,0.07731148,-0.02964909,-0.3088711,-0.02051361,-0.0003800206,-0.09478565,-0.08521495,-0.008298988,-0.05004906,0.01518131,0.02439645,0.0340431
-0.8295475,-0.8580529,-0.9956176,-0.2111162,0.5589372,-0.2074846,-0.1179579,0.2280523,-0.008773661,0.3990867,0.07203123,-0.03087479,-0.3163309,-0.01751875,0.002378418,-0.09769865,-0.08642993,-0.009802078,-0.05085045,0.01458961,0.02283888,0.03110448
-0.8153021,-0.8422382,-0.9793851,-0.2146211,0.5900101,-0.2001985,-0.1388243,0.2459878,-0.03189907,0.419309,0.0763776,-0.02859528,-0.307648,-0.02850835,-0.0001753531,-0.09640007,-0.08434499,-0.001617371,-0.04856515,0.01636518,0.02028484,0.0256489
-0.8065998,-0.8441517,-0.9748793,-0.2185176,0.5838709,-0.1971224,-0.1334537,0.2494649,-0.03471414,0.419896,0.07452995,-0.02894626,-0.3085891,-0.0279294,-0.0006352849,-0.0989362,-0.0855613,0.0005058758,-0.0528777,0.01546445,0.01984865,0.02210669
-0.7746043,-0.8540971,-0.9687493,-0.2226018,0.5903592,-0.2003405,-0.1334908,0.2426255,-0.0410511,0.4176886,0.08057794,-0.02850787,-0.3154613,-0.0406763,-0.008120368,-0.09823039,-0.08633561,-0.0009039727,-0.05102139,0.009186275,0.01752625,0.02189719
-0.7827104,-0.8718885,-0.973603,-0.2155698,0.5721461,-0.2010517,-0.1131054,0.2335302,-0.02850199,0.4080247,0.0795901,-0.0307308,-0.3190554,-0.03659591,-0.003270121,-0.09967482,-0.09278203,-0.001077147,-0.05298489,0.009643559,0.0191063,0.01824694
-0.7744047,-0.8664856,-0.9643076,-0.2178123,0.5825599,-0.1948078,-0.1137347,0.2395945,-0.03416029,0.4123927,0.07908671,-0.03142545,-0.3152969,-0.03476604,-0.006180251,-0.1022818,-0.09233763,0.0058451,-0.05349015,0.009448022,0.01855669,0.0165906
-0.7690957,-0.8571847,-0.9596248,-0.2085647,0.5818744,-0.1901,-0.1370116,0.2521237,-0.04737136,0.4262195,0.07547405,-0.03066963,-0.3233912,-0.03953612,-0.009271606,-0.1081384,-0.08821508,0.009827097,-0.05044184,0.008638036,0.01447977,0.01151338
-0.7685049,-0.8729691,-0.9596233,-0.2074839,0.5627587,-0.1904795,-0.1129238,0.2347551,-0.04123301,0.4090406,0.08075307,-0.03421235,-0.3232663,-0.03723215,-0.004339155,-0.1056073,-0.09503863,0.005547199,-0.05269939,0.00719597,0.01665284,0.01058389
-0.751445,-0.8577816,-0.9376519,-0.2103579,0.5727367,-0.1949748,-0.1178632,0.2469568,-0.04349113,0.4169888,0.0777033,-0.03681242,-0.322328,-0.04107543,-0.007535238,-0.1065778,-0.09416246,0.004837848,-0.05294729,0.005718683,0.01481618,0.009136789
-0.7458428,-0.8646014,-0.932944,-0.2114681,0.5653195,-0.1884485,-0.1144584,0.2512855,-0.04630956,0.4185523,0.08079752,-0.04026512,-0.3203928,-0.04230188,-0.01072313,-0.1097719,-0.09675337,0.01028753,-0.05444197,0.005471772,0.01363632,0.002798099
-0.7314519,-0.8472195,-0.9167786,-0.2216468,0.5698653,-0.195696,-0.1293246,0.2583968,-0.0584094,0.4260789,0.0826332,-0.0427038,-0.3254794,-0.04478304,-0.01855872,-0.1157384,-0.09310379,0.0133565,-0.05524021,0.001517422,0.01139002,0.0008757412
-0.7189572,-0.8479818,-0.9065128,-0.22193,0.5810531,-0.1888386,-0.136484,0.263005,-0.07062885,0.4288261,0.08619321,-0.04190841,-0.3235212,-0.0471152,-0.02233892,-0.120972,-0.09107543,0.01582188,-0.05953233,0.0005229947,0.01131606,0.0006203974
-0.7182648,-0.8594299,-0.9032438,-0.2217458,0.5667021,-0.194195,-0.121771,0.2522214,-0.06224459,0.4112666,0.08468294,-0.04017593,-0.3238179,-0.04057014,-0.01630939,-0.1188999,-0.09738056,0.01580604,-0.05927709,0.001862994,0.01388773,-0.0003589094
-0.6996829,-0.8494826,-0.8850913,-0.2193307,0.5794799,-0.1969443,-0.12426,0.2566518,-0.06962705,0.4160489,0.08040418,-0.03831415,-0.3262413,-0.04260537,-0.01799779,-0.1198296,-0.099093,0.01870484,-0.06075762,0.000161613,0.01305968,2.530217e-05
-0.7037969,-0.8609271,-0.8938298,-0.2105848,0.5566273,-0.1895655,-0.1154742,0.2513977,-0.061157,0.4138108,0.0851837,-0.04427008,-0.3264488,-0.04236618,-0.01921953,-0.1217538,-0.09780077,0.01699047,-0.06327737,-0.002698647,0.0114506,-0.003266026
-0.6791269,-0.8556762,-0.8757482,-0.2164766,0.5633193,-0.1932463,-0.1181996,0.2587939,-0.06193643,0.4170367,0.09135172,-0.04451308,-0.3238063,-0.04117117,-0.02553421,-0.1239418,-0.09622294,0.01580575,-0.06806359,-0.00674105,0.01305182,-0.003470476
-0.6742827,-0.8540009,-0.8627565,-0.2084371,0.5656043,-0.1942641,-0.121069,0.2656648,-0.06445768,0.4231858,0.09741342,-0.04721839,-0.31874,-0.04474559,-0.02252122,-0.1244825,-0.09889829,0.01600061,-0.06992505,-0.008226832,0.01296492,-0.007345976
-0.6539414,-0.8590277,-0.8582764,-0.2128017,0.5580136,-0.1916144,-0.116237,0.2576067,-0.0689495,0.4141449,0.1023127,-0.04741241,-0.322759,-0.04197497,-0.02601728,-0.1282528,-0.09538677,0.01633763,-0.07316405,-0.01228562,0.01458444,-0.005567256
-0.6402309,-0.8461023,-0.8398822,-0.2106536,0.5716471,-0.1959981,-0.1260235,0.2658771,-0.0782934,0.417207,0.1028921,-0.04813033,-0.3209208,-0.04253483,-0.02274122,-0.1280857,-0.09746117,0.0164305,-0.07246095,-0.01114759,0.01431184,-0.0061376
-0.6377771,-0.8552416,-0.8337582,-0.2091604,0.568105,-0.1988899,-0.1180528,0.2577505,-0.06976975,0.4126499,0.1060295,-0.04846238,-0.3194972,-0.03966524,-0.02253132,-0.1258359,-0.09923848,0.01650221,-0.07436167,-0.01230245,0.01611912,-0.004531903
-0.6367941,-0.8555036,-0.8265609,-0.2057413,0.5633984,-0.1947596,-0.1109329,0.2569519,-0.06641328,0.407539,0.1155578,-0.05617246,-0.3159892,-0.04021021,-0.01900491,-0.1263476,-0.1016085,0.01570186,-0.08050229,-0.01717531,0.01429962,-0.003559239
-0.628624,-0.8625603,-0.8289134,-0.2098628,0.5548618,-0.1876117,-0.1074978,0.2582017,-0.06468899,0.4038388,0.1165853,-0.05524958,-0.3167319,-0.03841154,-0.02234868,-0.1299344,-0.09751123,0.01569732,-0.08231929,-0.01920186,0.0148625,-0.004545597
-0.5972812,-0.8582161,-0.8022195,-0.2141258,0.5677514,-0.1948574,-0.09473909,0.2618395,-0.05458115,0.4073929,0.1153163,-0.05892931,-0.3185938,-0.03657366,-0.0258801,-0.1296584,-0.1018302,0.01026977,-0.08597296,-0.02623983,0.01717047,0.00185584
-0.5847924,-0.855319,-0.7864497,-0.2080581,0.5768922,-0.1875879,-0.09635264,0.2624554,-0.06716307,0.4104875,0.1199734,-0.06065918,-0.31232,-0.04538492,-0.02568406,-0.1309303,-0.1018944,0.01087369,-0.08873733,-0.02906145,0.01358598,-0.0003587852
-0.5809248,-0.864729,-0.7968907,-0.198927,0.5668015,-0.1825597,-0.08828155,0.25689,-0.06828813,0.4003181,0.1290175,-0.06217792,-0.3068942,-0.04813069,-0.02194237,-0.1307072,-0.1028287,0.01105655,-0.094343,-0.03193118,0.0131347,-0.0005528319
-0.5641939,-0.8684608,-0.7782195,-0.2007704,0.5682483,-0.1906581,-0.07868438,0.2535755,-0.06126252,0.3967663,0.1337286,-0.06644293,-0.3026094,-0.0454136,-0.02113918,-0.1263648,-0.107182,0.009320517,-0.09913937,-0.03464802,0.01565179,0.0009414461
-0.5299041,-0.858711,-0.7615694,-0.1885354,0.5572076,-0.198257,-0.08606222,0.2517833,-0.06728066,0.404377,0.1420768,-0.07273851,-0.3009774,-0.04803956,-0.02229629,-0.1310664,-0.1056764,0.006840571,-0.09980953,-0.04097777,0.01291938,-0.002690713
-0.5264114,-0.8523063,-0.7622945,-0.194701,0.5427892,-0.1951342,-0.07488901,0.248324,-0.06476694,0.3973581,0.1355931,-0.07244932,-0.3071732,-0.04087953,-0.02166366,-0.130337,-0.1053532,0.003578925,-0.1010993,-0.04385393,0.01342799,-0.001360581
-0.5250716,-0.8559534,-0.7584674,-0.1933011,0.5405497,-0.1896862,-0.06515244,0.2470163,-0.05643408,0.3986285,0.1384268,-0.07350544,-0.3040904,-0.0420212,-0.01907408,-0.1302016,-0.1059538,0.001347533,-0.1071542,-0.04788277,0.01162618,-5.465032e-05
-0.5185245,-0.853513,-0.7503789,-0.1888368,0.5413354,-0.1882627,-0.06588004,0.2451389,-0.05716599,0.3977465,0.1425274,-0.07719477,-0.302215,-0.04378967,-0.01822469,-0.1313574,-0.1098406,0.0004945823,-0.1084605,-0.04970686,0.01157103,-0.001716367
-0.5036247,-0.8455551,-0.7341742,-0.1924711,0.551892,-0.1880597,-0.07417437,0.2485039,-0.0626329,0.4014758,0.1418312,-0.07654498,-0.3019262,-0.0489872,-0.02152564,-0.1332493,-0.1074997,0.002307351,-0.1071086,-0.05216283,0.01088869,-0.003072958
-0.4967965,-0.8398545,-0.7236826,-0.1946397,0.5491435,-0.1874393,-0.07114136,0.2503436,-0.06540366,0.4011241,0.138815,-0.0783577,-0.3038532,-0.04765253,-0.02459779,-0.135913,-0.1076162,0.002145443,-0.1072297,-0.05490938,0.009759299,-0.002649386
-0.4872697,-0.8376104,-0.722335,-0.199606,0.5482616,-0.1856481,-0.0735344,0.2528268,-0.06768556,0.4018172,0.1399431,-0.07745295,-0.3051191,-0.04624631,-0.02439878,-0.1389878,-0.1067706,0.002372597,-0.1067288,-0.05675954,0.01139672,-0.004771379
-0.4856164,-0.8340366,-0.7250677,-0.1996217,0.5432456,-0.1872016,-0.07365139,0.2533955,-0.06626841,0.4014041,0.1457335,-0.07859387,-0.3044052,-0.04368582,-0.02485345,-0.1415396,-0.1057845,0.002949175,-0.1065805,-0.05892741,0.009875333,-0.00540704
-0.4737856,-0.8247542,-0.7069075,-0.2080268,0.5527433,-0.1878924,-0.08322744,0.256828,-0.07222915,0.4074712,0.1412137,-0.07591107,-0.3074586,-0.04523818,-0.02779826,-0.1437453,-0.1038342,0.005829388,-0.1051928,-0.05949757,0.00882804,-0.007101846
-0.4815632,-0.8436895,-0.6984599,-0.192402,0.5504405,-0.189358,-0.07139519,0.2400067,-0.06971363,0.3890814,0.1464322,-0.07563608,-0.3023669,-0.04569709,-0.01981675,-0.1366462,-0.1120287,0.005848338,-0.1103752,-0.06059739,0.01017177,-0.004007988
-0.4717149,-0.8295665,-0.684984,-0.190471,0.5546034,-0.1790711,-0.07666913,0.243103,-0.08212435,0.3928372,0.1476198,-0.07675203,-0.2996633,-0.05274461,-0.0228688,-0.1397977,-0.1101331,0.007609901,-0.1125269,-0.06452325,0.00894087,-0.007880936
-0.4711842,-0.8326012,-0.6841831,-0.188315,0.544828,-0.1764066,-0.06768215,0.2419528,-0.08013713,0.3878741,0.1515991,-0.07983964,-0.2951256,-0.05208143,-0.02069231,-0.1392637,-0.1118507,0.007243786,-0.1166209,-0.06535971,0.007441108,-0.008615482
-0.4543037,-0.8315504,-0.6748616,-0.1876748,0.5434881,-0.1704549,-0.06710572,0.2368081,-0.07714442,0.3841004,0.1605764,-0.08125374,-0.2892733,-0.04953262,-0.01873457,-0.1400877,-0.110372,0.00916101,-0.1204435,-0.06744209,0.006755678,-0.007757961
-0.4515207,-0.8178015,-0.6670726,-0.1915771,0.5415462,-0.1717167,-0.07021523,0.2403508,-0.08175622,0.3846368,0.152209,-0.07916201,-0.2953509,-0.04870291,-0.02181639,-0.1421847,-0.1058925,0.00704976,-0.1172855,-0.07079323,0.00657924,-0.007314088
-0.4441248,-0.8151191,-0.6594906,-0.1920671,0.5409747,-0.1703826,-0.06697603,0.2435809,-0.08533052,0.3855882,0.1536878,-0.07895897,-0.2955399,-0.04816624,-0.02157072,-0.1441397,-0.1063403,0.007847685,-0.120257,-0.07369543,0.005176628,-0.007160892
-0.4360345,-0.8058823,-0.6495895,-0.1973552,0.5447568,-0.1694344,-0.07102513,0.2495887,-0.09018025,0.3899966,0.1528227,-0.07799008,-0.2957302,-0.05076805,-0.02437976,-0.1475389,-0.1022413,0.009074405,-0.1185545,-0.07648683,0.00444878,-0.00954491
-0.4195825,-0.7980756,-0.6317843,-0.1984514,0.5583444,-0.1592916,-0.07212682,0.2549752,-0.08870391,0.3958386,0.1585668,-0.08301577,-0.2859334,-0.05682619,-0.02616095,-0.1477217,-0.1039222,0.0114309,-0.1210082,-0.07895976,0.002452925,-0.01106924
-0.4228462,-0.8109482,-0.6429273,-0.1880317,0.5367428,-0.1531784,-0.05763185,0.2478408,-0.07899514,0.3858387,0.1688469,-0.08703139,-0.2813385,-0.05394581,-0.01749891,-0.1456105,-0.1083542,0.009873179,-0.1280973,-0.08314049,-7.226442e-06,-0.01057278
-0.4146428,-0.797718,-0.6246547,-0.1886435,0.5436511,-0.1526335,-0.06225443,0.2499939,-0.08369686,0.3890469,0.1652423,-0.08618641,-0.2828019,-0.0551712,-0.01970945,-0.1473238,-0.1046027,0.01097195,-0.1261439,-0.085479,-0.001548512,-0.01142402
-0.4130825,-0.7891728,-0.6153402,-0.192203,0.5432218,-0.1530688,-0.06309696,0.2506779,-0.09025671,0.3882256,0.1639261,-0.08525336,-0.2848598,-0.05643827,-0.0212659,-0.1493182,-0.1039675,0.01151145,-0.1261228,-0.0874166,-0.001453605,-0.01335515
-0.4034687,-0.7827519,-0.6052899,-0.1944578,0.5455735,-0.1485546,-0.06487843,0.2493183,-0.09603173,0.390411,0.1645138,-0.08443204,-0.284444,-0.05861482,-0.02410229,-0.1512548,-0.1020089,0.01102622,-0.1273931,-0.09086493,-0.00122969,-0.01444255
-0.3949433,-0.7743516,-0.5965275,-0.1886189,0.5526022,-0.1514092,-0.06841091,0.2494083,-0.09628183,0.3901221,0.1630554,-0.08328911,-0.279857,-0.06321623,-0.02082375,-0.1516646,-0.101753,0.01153433,-0.1264876,-0.09145131,-0.003572589,-0.0150834
-0.3884594,-0.769327,-0.581968,-0.1921508,0.5472052,-0.1495276,-0.06424037,0.2559566,-0.09517642,0.3928564,0.1594891,-0.08345219,-0.2797622,-0.06374902,-0.02231525,-0.1548585,-0.09794087,0.01055297,-0.1289654,-0.09508845,-0.004242951,-0.01708167
-0.3862498,-0.767823,-0.5792947,-0.1908346,0.549447,-0.1437012,-0.06508528,0.2533456,-0.09789125,0.3921104,0.1612445,-0.08336397,-0.2782336,-0.06567454,-0.0205882,-0.1561091,-0.09887403,0.01275198,-0.1295229,-0.0969504,-0.004931198,-0.01663063
-0.3816039,-0.7644569,-0.5656567,-0.1826044,0.5455926,-0.1415663,-0.0611269,0.2486977,-0.1033154,0.3856441,0.1610332,-0.08312941,-0.2781785,-0.06668343,-0.0188301,-0.1575361,-0.094736,0.01374929,-0.1313127,-0.09942438,-0.006696565,-0.01692734
-0.3806768,-0.779317,-0.563427,-0.18647,0.5376515,-0.1385633,-0.05015894,0.2412068,-0.1010028,0.3748516,0.1616,-0.08095878,-0.2783366,-0.06083928,-0.01722306,-0.1543245,-0.09839769,0.01119459,-0.1378786,-0.09943479,-0.002463818,-0.01209783
-0.3762058,-0.7728367,-0.5535436,-0.1909299,0.5375817,-0.1335683,-0.05060347,0.2382627,-0.1087024,0.3726436,0.1627185,-0.07944256,-0.2799207,-0.05968877,-0.01784739,-0.1559069,-0.09602895,0.01204106,-0.1401106,-0.1026329,-0.003656265,-0.01181864
-0.3789618,-0.7710949,-0.5506606,-0.1892787,0.53668,-0.1328536,-0.05016944,0.2378681,-0.1078416,0.3706158,0.1630525,-0.07970574,-0.2787554,-0.06175938,-0.0175045,-0.1560686,-0.09771335,0.01199157,-0.1406492,-0.1024703,-0.003632361,-0.01330653
-0.371095,-0.7637277,-0.5408418,-0.1961985,0.5350174,-0.1300167,-0.05359186,0.2441831,-0.1116007,0.3746298,0.1621125,-0.07837369,-0.2813455,-0.05984123,-0.0196175,-0.1596832,-0.09196908,0.01213799,-0.1422724,-0.1059489,-0.003052176,-0.01575786
-0.3651747,-0.7579702,-0.5299079,-0.1940975,0.5339504,-0.13016,-0.05620331,0.2465128,-0.114138,0.3751707,0.1572819,-0.0782724,-0.2841804,-0.05979371,-0.02058016,-0.161547,-0.09097753,0.01268555,-0.1380006,-0.1082637,-0.004529277,-0.01774306
-0.3613981,-0.7556629,-0.5200589,-0.1884986,0.5304516,-0.1292267,-0.05237262,0.2475399,-0.1147624,0.3710397,0.1581562,-0.0771491,-0.2814259,-0.06118269,-0.01887984,-0.1614943,-0.09164145,0.01217526,-0.1392902,-0.1099983,-0.005800522,-0.01767829
-0.3606261,-0.7519794,-0.5160672,-0.186203,0.5281037,-0.1244719,-0.05113509,0.2451757,-0.1179141,0.36648,0.1637359,-0.07851569,-0.2799276,-0.06123182,-0.0166628,-0.1632557,-0.09190211,0.0130315,-0.1408055,-0.1126635,-0.007473321,-0.01673494
-0.3572771,-0.7448215,-0.4995356,-0.1913818,0.5339761,-0.1316462,-0.05265599,0.2455549,-0.120495,0.3663051,0.1622753,-0.07756615,-0.2836283,-0.06011274,-0.01719084,-0.164173,-0.08983924,0.01360753,-0.141634,-0.1153702,-0.007208889,-0.01554226
-0.3472152,-0.7424555,-0.4934596,-0.1938891,0.5258584,-0.1266897,-0.05048493,0.2479665,-0.1238364,0.3618502,0.1579465,-0.07792711,-0.2861106,-0.06011419,-0.0187824,-0.1671304,-0.08896881,0.01744088,-0.1434306,-0.1168608,-0.007682281,-0.01233935
-0.3438753,-0.7333441,-0.4861653,-0.1943889,0.5284061,-0.1238627,-0.05475419,0.2501807,-0.1272887,0.3639071,0.1597832,-0.07723349,-0.2855771,-0.06135349,-0.01926365,-0.1676921,-0.08687816,0.01777077,-0.1427185,-0.1181545,-0.008211079,-0.01538458
-0.3389294,-0.7219786,-0.4763534,-0.1914254,0.5327548,-0.1261914,-0.05257212,0.2495063,-0.1243701,0.3600661,0.1633667,-0.08152777,-0.2819009,-0.06423008,-0.01730463,-0.1654055,-0.09021797,0.01909454,-0.1430868,-0.1202731,-0.01109658,-0.01592303
-0.3263996,-0.7172835,-0.4666482,-0.1786119,0.5243081,-0.1145075,-0.0461963,0.2543363,-0.1204637,0.3580061,0.1627151,-0.08321566,-0.2784842,-0.06739215,-0.01409029,-0.1650443,-0.09380288,0.01707443,-0.1472718,-0.1234028,-0.01261976,-0.01588208
-0.3230267,-0.7091568,-0.4585872,-0.1759591,0.5209993,-0.112886,-0.04162942,0.2547809,-0.117501,0.3536847,0.1598993,-0.08343932,-0.2799304,-0.06536999,-0.01428821,-0.1654821,-0.09241921,0.01800476,-0.1452444,-0.1259315,-0.01248325,-0.01653682
-0.32244,-0.7022117,-0.4453989,-0.1687606,0.530228,-0.1165695,-0.04372023,0.2514446,-0.1169435,0.3539433,0.1590364,-0.08286963,-0.27808,-0.06746633,-0.01350896,-0.1638147,-0.0965502,0.01907664,-0.1463979,-0.125839,-0.01447091,-0.0168349
-0.3207943,-0.7043455,-0.4398402,-0.1731216,0.5221589,-0.1163546,-0.04153111,0.2471354,-0.1179771,0.351096,0.1629289,-0.07970619,-0.2753091,-0.06288043,-0.01404865,-0.164497,-0.09568539,0.01794618,-0.1482104,-0.1253625,-0.01267582,-0.0181976
-0.3261046,-0.6957634,-0.4275294,-0.1642679,0.5122765,-0.1113887,-0.04051957,0.2433062,-0.1188999,0.3457053,0.1671113,-0.08556741,-0.2731788,-0.06333352,-0.01220198,-0.1609629,-0.09525021,0.02135324,-0.1455605,-0.1272913,-0.01581736,-0.02035309
-0.3273637,-0.6944742,-0.4128637,-0.1638258,0.5134854,-0.1031559,-0.03768456,0.2438779,-0.1219785,0.346873,0.1710007,-0.08322187,-0.2695384,-0.06473029,-0.01288016,-0.1624723,-0.0962582,0.02016923,-0.1469858,-0.1312714,-0.01329635,-0.02160449
-0.3231237,-0.6892819,-0.4034025,-0.1575623,0.5100871,-0.10352,-0.04016479,0.2384538,-0.1257738,0.3417439,0.1717763,-0.08299344,-0.2653683,-0.06482119,-0.01201936,-0.1625513,-0.09655119,0.01789006,-0.1492119,-0.1307444,-0.01567156,-0.0195126
-0.3173622,-0.6822412,-0.3933398,-0.1526613,0.5055993,-0.1002102,-0.03865275,0.2409967,-0.12603,0.337488,0.1689961,-0.08111881,-0.2637517,-0.06515983,-0.01020136,-0.160836,-0.09626531,0.0175362,-0.1502049,-0.1318473,-0.0167482,-0.01874778
-0.3176087,-0.6809971,-0.3869575,-0.1498302,0.5054095,-0.09937064,-0.03481913,0.2395668,-0.1255613,0.3342455,0.1670612,-0.08165773,-0.2595845,-0.06245194,-0.007197032,-0.1606718,-0.09666639,0.01645594,-0.1510342,-0.1327352,-0.01660248,-0.01835427
-0.3037721,-0.6766924,-0.3783519,-0.1579896,0.5127307,-0.1035667,-0.03918498,0.2448023,-0.1296459,0.337292,0.1680527,-0.08089107,-0.2587423,-0.06140352,-0.01094527,-0.1618134,-0.09577499,0.01723384,-0.151508,-0.13466,-0.01572936,-0.01633942
-0.3044711,-0.6835553,-0.3785409,-0.1545768,0.500677,-0.09667691,-0.03644205,0.244161,-0.1319155,0.3371257,0.1694964,-0.08144498,-0.2568477,-0.06097851,-0.008392924,-0.1627609,-0.09615674,0.01597511,-0.1536654,-0.1344326,-0.01434932,-0.01622814
-0.3024703,-0.6745474,-0.3673691,-0.1529874,0.5048485,-0.09700662,-0.03399309,0.2456029,-0.1357012,0.3311159,0.1658772,-0.08120809,-0.2574264,-0.06129045,-0.007323401,-0.163196,-0.09679528,0.01613251,-0.1537889,-0.1353748,-0.01568406,-0.01686509
-0.2899474,-0.6651573,-0.3536779,-0.1545949,0.507498,-0.09619512,-0.03523042,0.255778,-0.1379953,0.3350543,0.1561321,-0.07905984,-0.2581926,-0.06136765,-0.01144937,-0.1627917,-0.09601009,0.01604327,-0.1554796,-0.1354118,-0.01722904,-0.01478466
-0.2883549,-0.6609335,-0.3482011,-0.1548242,0.5104904,-0.09736975,-0.03739979,0.2524172,-0.1389607,0.3340575,0.1590036,-0.07945483,-0.2567394,-0.06100015,-0.01211815,-0.1616103,-0.09548701,0.01602969,-0.1544493,-0.1362628,-0.01748386,-0.01449307
-0.2868988,-0.6559865,-0.3475541,-0.162242,0.5050153,-0.0937762,-0.04491702,0.2545837,-0.1462001,0.3294072,0.1594437,-0.07892195,-0.2548915,-0.05641622,-0.01055014,-0.1659749,-0.08894294,0.01151151,-0.1522688,-0.135172,-0.01589097,-0.01564749
-0.2833309,-0.6485894,-0.3390215,-0.1528933,0.5037891,-0.08988518,-0.03869042,0.250432,-0.1395781,0.3273275,0.1667423,-0.08442721,-0.2527633,-0.06272342,-0.007656902,-0.1611897,-0.09129861,0.009888233,-0.1550977,-0.1415095,-0.01407503,-0.01568825
-0.268951,-0.649291,-0.3154268,-0.1485146,0.5134478,-0.09608963,-0.03270912,0.2493465,-0.1323675,0.3204685,0.1763868,-0.09027333,-0.2469392,-0.05858083,-0.003682344,-0.1604096,-0.09539917,0.01540665,-0.1585162,-0.1438368,-0.01820549,-0.01054338
-0.2665887,-0.6467777,-0.3100172,-0.1515496,0.5124425,-0.09752337,-0.0281792,0.2467383,-0.1286639,0.3181612,0.1778498,-0.08942237,-0.2458606,-0.05662273,-0.003599703,-0.1576853,-0.09472061,0.009547688,-0.1596141,-0.1442092,-0.01652842,-0.01134056
-0.2564253,-0.6291132,-0.2995597,-0.1593618,0.5133018,-0.09768919,-0.0307671,0.252582,-0.1255016,0.3204688,0.171912,-0.09057634,-0.2447475,-0.05361156,-0.004811002,-0.1578833,-0.09259337,0.004667538,-0.1529491,-0.1437507,-0.01487798,-0.01361911
-0.2493523,-0.6256202,-0.2990263,-0.1561471,0.503078,-0.09028759,-0.02742722,0.2524619,-0.1251704,0.3124581,0.1729675,-0.08942008,-0.2445393,-0.0507736,-0.002172654,-0.1581278,-0.09088067,0.003855084,-0.156164,-0.1465298,-0.01471805,-0.01190841
-0.2401647,-0.6129,-0.2891532,-0.1644999,0.5141261,-0.08998781,-0.03593777,0.2586335,-0.1278562,0.316734,0.172958,-0.08674686,-0.2418932,-0.05126158,-0.002720853,-0.1581417,-0.08775621,0.001518015,-0.1561043,-0.1451105,-0.01493233,-0.01268849
-0.2380003,-0.6134709,-0.2877359,-0.1590541,0.5066795,-0.08614087,-0.03221089,0.2590964,-0.1229197,0.3140994,0.173167,-0.08745652,-0.2389761,-0.05065631,-0.001041076,-0.1560928,-0.08741514,-1.858144e-05,-0.1587372,-0.146901,-0.0139402,-0.01121108
-0.2242396,-0.6074594,-0.2848995,-0.1561149,0.5110561,-0.08652904,-0.02944369,0.2593708,-0.1179768,0.3129151,0.1773726,-0.09285893,-0.2400114,-0.04841229,-0.00308154,-0.1520905,-0.08523055,0.003331529,-0.1569726,-0.1517587,-0.01649635,-0.009138254
-0.219887,-0.6041684,-0.2717485,-0.1543406,0.5154106,-0.08548488,-0.02859404,0.2550655,-0.1146689,0.3084132,0.1810873,-0.09196559,-0.2355047,-0.05105262,-0.001866677,-0.1496975,-0.08463097,0.005660303,-0.1579173,-0.1522729,-0.01807239,-0.006806911
-0.2154424,-0.5941822,-0.2634918,-0.157333,0.5238844,-0.09098423,-0.03090412,0.2589799,-0.1186978,0.3094976,0.1760383,-0.09081888,-0.2434216,-0.04663768,-0.002888634,-0.1504252,-0.08063949,0.003945138,-0.1627385,-0.1554174,-0.01258182,5.68945e-05
-0.2092683,-0.5962965,-0.2578976,-0.1463279,0.512675,-0.08448552,-0.02940415,0.2624693,-0.1052895,0.3072062,0.1820637,-0.09460331,-0.2383137,-0.04547046,0.004492935,-0.1454681,-0.08131459,-0.0004733183,-0.1688165,-0.1586312,-0.01327839,0.00547382
-0.1933476,-0.6015313,-0.2585708,-0.1540256,0.502573,-0.08863672,-0.02838423,0.2636568,-0.1226464,0.2813325,0.1874163,-0.08409051,-0.246207,-0.03591282,0.0006775546,-0.15063,-0.07096078,0.000644176,-0.1696469,-0.1643101,-0.01089573,0.007647183
-0.1945679,-0.6059433,-0.2600233,-0.1497716,0.5034504,-0.08541906,-0.03017472,0.2565064,-0.1199891,0.2877111,0.195747,-0.08581457,-0.2411833,-0.03651838,0.003990199,-0.1508181,-0.0712349,-0.002111972,-0.1742965,-0.1640128,-0.01165896,0.009293046
-0.1890839,-0.6017646,-0.2549214,-0.1505882,0.4912868,-0.07196629,-0.03845631,0.2622032,-0.1227228,0.2767691,0.2013515,-0.08336195,-0.2320865,-0.03965564,0.004861871,-0.151738,-0.06523743,-0.005082934,-0.1726515,-0.1616631,-0.01065176,0.00473941
-0.177922,-0.5988329,-0.24799,-0.1592373,0.4953342,-0.07936842,-0.03826067,0.2628625,-0.1262101,0.2739318,0.2009623,-0.07911096,-0.2373946,-0.0327743,0.004089368,-0.1524854,-0.06191673,-0.005582629,-0.17312,-0.164459,-0.00801184,0.006548491
-0.1678553,-0.5824403,-0.2352492,-0.147744,0.5023982,-0.08174282,-0.03176838,0.2578619,-0.1278147,0.261024,0.1967568,-0.08178887,-0.2358617,-0.03530565,0.008334249,-0.1487226,-0.0623006,-0.005363879,-0.1706928,-0.165464,-0.01148822,0.01056275
-0.1655882,-0.5808126,-0.2320809,-0.1469192,0.5002445,-0.08198223,-0.02899067,0.2558869,-0.1229824,0.2588417,0.198298,-0.08231886,-0.2396823,-0.03009187,0.007456824,-0.1495331,-0.06231674,-0.001873505,-0.1697387,-0.1676316,-0.01368503,0.01222913
-0.1629873,-0.5836303,-0.2426138,-0.1469189,0.4890821,-0.07028338,-0.03752297,0.2593558,-0.1196959,0.2601705,0.2067222,-0.08959589,-0.2374421,-0.03428039,0.01140884,-0.1484242,-0.05703948,-0.008103539,-0.1775172,-0.1690605,-0.009789847,0.01727518
-0.1547928,-0.571434,-0.2359588,-0.1428135,0.4783911,-0.06440616,-0.03016455,0.256735,-0.108791,0.2588727,0.2055495,-0.0926877,-0.2366387,-0.031662,0.01328234,-0.14909,-0.05396089,-0.006186223,-0.1737789,-0.1707395,-0.0157869,0.01526051
-0.148608,-0.5696465,-0.2350775,-0.1403955,0.4856956,-0.06481087,-0.03578378,0.2558247,-0.1110364,0.2587613,0.2119035,-0.09291327,-0.2334969,-0.03119417,0.01494392,-0.1476714,-0.05264121,-0.007314073,-0.179125,-0.1706703,-0.01469194,0.01972253
-0.1473106,-0.5710909,-0.2336253,-0.1353225,0.4744265,-0.05948226,-0.03079959,0.2576078,-0.1027072,0.2514983,0.2140882,-0.09413583,-0.229984,-0.0311934,0.01678273,-0.1468007,-0.05345614,-0.0049628,-0.1833823,-0.1714735,-0.01766783,0.02021714
-0.1319876,-0.5457484,-0.2057841,-0.1295644,0.4917084,-0.05913958,-0.02234446,0.2589891,-0.09225497,0.2500741,0.2126708,-0.09600085,-0.2238236,-0.03504263,0.02401255,-0.1397771,-0.05973147,-0.007212517,-0.1870231,-0.1795483,-0.01986758,0.0180382
-0.1276946,-0.5500912,-0.2111859,-0.1344158,0.4882864,-0.06645098,-0.01633325,0.2503017,-0.1017616,0.2413407,0.2118252,-0.09078109,-0.2297149,-0.02331373,0.02374347,-0.1384576,-0.05887679,-0.007161447,-0.1895082,-0.1780488,-0.01583907,0.02637545
-0.1144122,-0.5508206,-0.2022901,-0.1400799,0.4823629,-0.05076325,-0.02604939,0.2607427,-0.1065775,0.2321063,0.2267714,-0.0919019,-0.2271036,-0.02291758,0.02540626,-0.1397497,-0.04939076,-0.01099741,-0.1996316,-0.1791194,-0.01926572,0.02564034
-0.1185115,-0.57328,-0.2117411,-0.1355856,0.4501835,-0.03288942,-0.0290129,0.2471625,-0.1087856,0.2183695,0.2350053,-0.08926705,-0.2276082,-0.01661431,0.0312578,-0.1423797,-0.04271154,-0.005835309,-0.2063075,-0.1802532,-0.01442131,0.03305243
-0.1081569,-0.5545771,-0.1832424,-0.1415227,0.4675004,-0.04319624,-0.03373514,0.2524542,-0.1158051,0.2295406,0.2304163,-0.08645836,-0.2317649,-0.01535149,0.02558794,-0.1447518,-0.03912845,-0.005861377,-0.2000909,-0.1817558,-0.01766322,0.02933124
-0.09973779,-0.5486199,-0.1756227,-0.1433969,0.4749345,-0.04816089,-0.03277327,0.2501156,-0.1188269,0.2280244,0.2325889,-0.08373807,-0.232387,-0.009553027,0.0271955,-0.1472575,-0.03828857,-0.005350967,-0.2041444,-0.1871354,-0.01307783,0.03524956
-0.09482467,-0.5486484,-0.177964,-0.1459565,0.4621835,-0.04594129,-0.03300685,0.2511456,-0.1137177,0.2241051,0.2296042,-0.08493533,-0.2303749,-0.008165278,0.02454363,-0.1457052,-0.03487985,-0.005053933,-0.206676,-0.1862445,-0.01159463,0.03822406
-0.08485571,-0.5472448,-0.160393,-0.1391187,0.4663082,-0.04909099,-0.02299732,0.2473152,-0.100924,0.2172702,0.2269089,-0.08193069,-0.2293635,-0.007767353,0.02267781,-0.1413709,-0.03474054,-0.003607337,-0.2093446,-0.1886003,-0.01421395,0.04063639
-0.08221421,-0.5533842,-0.1647871,-0.1339542,0.4589124,-0.04915907,-0.02014452,0.2437222,-0.09815284,0.2071568,0.2331102,-0.08546854,-0.2246091,-0.009176045,0.0242369,-0.1360644,-0.03559498,-0.002007721,-0.2176116,-0.187808,-0.01483744,0.0446972
-0.0678439,-0.5593906,-0.1676996,-0.1390985,0.4482604,-0.04327187,-0.02141028,0.2491775,-0.1032002,0.2138213,0.2321754,-0.08479088,-0.2228726,-0.007165129,0.02075358,-0.1408083,-0.03048584,-0.001783695,-0.217743,-0.1870141,-0.0123051,0.04667396
-0.06109199,-0.5482727,-0.1722868,-0.1358985,0.4360447,-0.03201653,-0.02315935,0.2426419,-0.1106573,0.2007206,0.2316988,-0.08930204,-0.2192632,-0.00408535,0.02536303,-0.1372097,-0.02561239,0.003804722,-0.2196415,-0.1865036,-0.00971778,0.05228746
-0.05660817,-0.5393942,-0.1625518,-0.1416468,0.4408275,-0.03844535,-0.0245673,0.2414847,-0.1110991,0.195325,0.2326328,-0.0843997,-0.2237901,0.002382965,0.02730567,-0.1367731,-0.022397,0.007412627,-0.2236159,-0.188785,-0.009929658,0.05465521
-0.04594537,-0.5221903,-0.1483,-0.148068,0.4429936,-0.05017956,-0.01278008,0.2312837,-0.1064397,0.1920121,0.2282749,-0.08488318,-0.2255617,0.009980221,0.02781834,-0.1340807,-0.02268302,0.00648181,-0.2229111,-0.1875889,-0.009852861,0.0556822
-0.009924646,-0.5176752,-0.1267426,-0.159631,0.4634855,-0.06320059,-0.01382076,0.2508442,-0.09907285,0.200394,0.2337272,-0.08754279,-0.2231391,0.01200716,0.03263599,-0.133042,-0.01964555,0.0133584,-0.2304461,-0.189522,-0.008857363,0.05763908
-0.005827233,-0.5261012,-0.131143,-0.1509381,0.4443791,-0.05016446,-0.007974337,0.2493681,-0.0964933,0.1939031,0.2330132,-0.08811358,-0.2203307,0.01192319,0.03835124,-0.1330369,-0.01906424,0.01288508,-0.235576,-0.1886163,-0.009189245,0.06057078
-0.007491911,-0.5276996,-0.1406969,-0.1387501,0.4173085,-0.03703677,-0.01582998,0.2451282,-0.1005052,0.1809478,0.2405016,-0.08844963,-0.2175799,0.009704947,0.04308157,-0.1335078,-0.01326133,0.01378283,-0.2378561,-0.1884616,-0.009718337,0.06081932
0.003180012,-0.5143899,-0.1294218,-0.1285435,0.4100364,-0.03903905,-0.006950238,0.2353591,-0.1017942,0.1794256,0.2408075,-0.09059754,-0.2125186,0.01186126,0.04548433,-0.1310753,-0.0161222,0.01370546,-0.2391992,-0.1893982,-0.01386484,0.06102076
0.01256211,-0.5076225,-0.1238143,-0.1305842,0.4089595,-0.0370236,-0.01338261,0.2377583,-0.1058317,0.1811098,0.2400197,-0.09102094,-0.2100943,0.008187203,0.04498358,-0.1333209,-0.01214402,0.01290858,-0.2404077,-0.1893838,-0.01180139,0.06154113
0.01611273,-0.5172124,-0.1215882,-0.1247742,0.3865661,-0.03331839,-0.001799726,0.2289558,-0.09502014,0.1683477,0.235812,-0.0900282,-0.210565,0.01066042,0.04215458,-0.128157,-0.01188741,0.01971834,-0.2415639,-0.1899357,-0.01107311,0.06441697
0.03937962,-0.5069552,-0.113095,-0.1243794,0.3921345,-0.02900358,-0.003438242,0.239105,-0.09266796,0.1741283,0.2323219,-0.08823464,-0.2048773,0.007915631,0.04504976,-0.1290626,-0.009593685,0.01974847,-0.2422867,-0.1881541,-0.01203149,0.06236539
0.04717784,-0.5142409,-0.1149928,-0.119227,0.3852061,-0.02035788,0.002212878,0.2326781,-0.08585948,0.1642249,0.2381933,-0.08980894,-0.2010722,0.0154671,0.04631035,-0.1260188,-0.01088774,0.02447898,-0.2424217,-0.1880654,-0.01523046,0.06265075
0.07141978,-0.4964876,-0.09694222,-0.1343601,0.3919464,-0.0252466,0.00310653,0.2532823,-0.08330315,0.1740808,0.2278404,-0.08643827,-0.2029183,0.0147686,0.04147679,-0.122861,-0.004505265,0.02347604,-0.2463771,-0.185928,-0.01350554,0.059204
0.05794825,-0.5028412,-0.1003361,-0.1316473,0.3920916,-0.02356678,0.003408007,0.2351621,-0.09398793,0.1543561,0.2435953,-0.08891229,-0.1982065,0.01924916,0.04642613,-0.1211712,-0.00309912,0.02939524,-0.2530165,-0.1898582,-0.01430783,0.06686909
0.08477557,-0.4944156,-0.0880605,-0.1288075,0.4018216,-0.02468217,0.008627183,0.2319803,-0.08697873,0.1551661,0.2445185,-0.09305475,-0.1917544,0.01854502,0.05345757,-0.1175053,-0.006431716,0.03216581,-0.2560794,-0.1902907,-0.01841055,0.06931728
0.09695629,-0.4856049,-0.0750285,-0.1253932,0.3971236,-0.02025415,0.01356978,0.2298496,-0.08644354,0.1479098,0.2471588,-0.09446109,-0.1847692,0.0167767,0.05635738,-0.1162675,-0.003922307,0.037111,-0.2575077,-0.1918787,-0.01974276,0.06818523
0.09988507,-0.4896216,-0.08097658,-0.1226551,0.3886285,-0.01848588,0.01020022,0.2278144,-0.08832026,0.1444841,0.2496939,-0.09412713,-0.1836321,0.01692579,0.05778496,-0.1173478,-0.0001064123,0.03748801,-0.2575257,-0.1894127,-0.01996311,0.06641968
0.09986424,-0.4888105,-0.07899741,-0.1173578,0.3754639,-0.01681802,0.01948733,0.2298485,-0.08052727,0.1422018,0.2438688,-0.0952158,-0.1847404,0.01472779,0.05797143,-0.1171106,0.0001112012,0.03800634,-0.2592649,-0.1901172,-0.02174957,0.06527908
0.1024548,-0.4783547,-0.07144734,-0.116984,0.383812,-0.02176688,0.01473923,0.2290501,-0.08498024,0.1386877,0.2458912,-0.09404405,-0.1852655,0.01737924,0.06023466,-0.117476,0.003240532,0.03711914,-0.2598019,-0.1913139,-0.02107929,0.06630234
0.1233343,-0.4796466,-0.06450549,-0.1148563,0.380328,-0.02438875,0.02243268,0.2398931,-0.08223363,0.1387841,0.2456635,-0.0936906,-0.1807859,0.02060522,0.0598093,-0.1162069,0.004719419,0.04127165,-0.2636329,-0.191011,-0.02177737,0.06603002
0.1278334,-0.4703209,-0.05716543,-0.1126464,0.370656,-0.02155532,0.02396687,0.2369347,-0.08096249,0.13708,0.2447344,-0.09353567,-0.1820865,0.01683907,0.06300052,-0.1153738,0.007388368,0.04275553,-0.2648964,-0.1932105,-0.02191712,0.06317938
0.124759,-0.4737329,-0.05627401,-0.1103154,0.3663007,-0.01822954,0.02536935,0.2346742,-0.08095371,0.1302216,0.2480278,-0.0929125,-0.1792809,0.01647957,0.06505405,-0.114172,0.007799579,0.04586802,-0.2681272,-0.1935116,-0.0224693,0.06428313
0.126213,-0.4719841,-0.05198811,-0.1024479,0.3705777,-0.02444349,0.02738851,0.2210364,-0.08579067,0.1159158,0.2531652,-0.09132103,-0.1788765,0.02073848,0.06778398,-0.1107654,0.005557874,0.04561512,-0.2696104,-0.1958957,-0.02374545,0.07195155
0.1302007,-0.46805,-0.04615888,-0.09701419,0.3657853,-0.02459294,0.02431053,0.2191256,-0.08787563,0.1124338,0.2526972,-0.09053693,-0.1770974,0.02006985,0.06952888,-0.1103191,0.006795266,0.04701023,-0.2689701,-0.1968907,-0.02464627,0.07168312
0.1259982,-0.4666146,-0.04789074,-0.09097826,0.3578153,-0.02086091,0.02871518,0.2182805,-0.07790338,0.1056056,0.2494908,-0.09029009,-0.1751497,0.01795082,0.07271328,-0.1116995,0.00778785,0.05099538,-0.2672759,-0.1966066,-0.02787427,0.07289559
0.1330856,-0.4693402,-0.05277498,-0.08678007,0.3486756,-0.0131847,0.03475377,0.2159009,-0.07360087,0.1060357,0.247122,-0.09063784,-0.1711894,0.02209954,0.07560742,-0.1122651,0.007051097,0.05002846,-0.2712636,-0.1949801,-0.02718756,0.07664981
0.1390102,-0.4687019,-0.04569674,-0.09215862,0.3427606,-0.01440265,0.03360641,0.2199787,-0.07322821,0.1037326,0.2496738,-0.08499465,-0.1685055,0.02208409,0.0717826,-0.1125661,0.01180982,0.05680211,-0.2711589,-0.1975849,-0.02925932,0.07498179
0.1456575,-0.473325,-0.04135321,-0.09673154,0.3353495,-0.009518867,0.03427088,0.2205644,-0.07564426,0.0984846,0.2506953,-0.08197426,-0.1677418,0.02215117,0.07289151,-0.1132871,0.01803264,0.06117619,-0.2727162,-0.1958477,-0.02660875,0.07431756
0.1454833,-0.4655224,-0.03459435,-0.09768367,0.3442647,-0.01549478,0.03285743,0.2208,-0.07466608,0.09897085,0.2448662,-0.07940922,-0.1695384,0.02428806,0.07023174,-0.1116949,0.01882193,0.06038609,-0.2696964,-0.1963666,-0.02625317,0.07526321
0.1468509,-0.4643586,-0.02692052,-0.1025699,0.3375895,-0.01463557,0.02988831,0.222334,-0.07786623,0.09363476,0.2462415,-0.07845131,-0.171546,0.02736424,0.07214441,-0.1147004,0.02217602,0.06233143,-0.2699788,-0.1974171,-0.0238027,0.07653376
0.1480853,-0.4639774,-0.02737767,-0.1080555,0.3372605,-0.01936171,0.0254906,0.2167826,-0.08724291,0.08378228,0.2518936,-0.07625124,-0.1710791,0.02768387,0.07183617,-0.115824,0.02338725,0.06489233,-0.2697583,-0.1959285,-0.02469608,0.07568558
0.152391,-0.4617457,-0.01895685,-0.1029593,0.3337394,-0.01931926,0.02732231,0.2180287,-0.08471128,0.07966974,0.2515106,-0.07678776,-0.1693471,0.03004655,0.07446078,-0.1149916,0.02559154,0.06596822,-0.2698615,-0.1963301,-0.02700553,0.07771396
0.1499797,-0.4736454,-0.0241725,-0.09610275,0.3173436,-0.01266111,0.03256496,0.2195403,-0.07835791,0.08025833,0.2543527,-0.07712638,-0.1667202,0.02992927,0.07690293,-0.1170248,0.02604301,0.06807025,-0.2746089,-0.1963051,-0.02681875,0.07884124
0.1605099,-0.4632616,-0.01855848,-0.1020071,0.3254743,-0.01372809,0.03408119,0.2170633,-0.08170897,0.07459967,0.2588461,-0.07516406,-0.1626264,0.02889814,0.08089634,-0.1144596,0.02952718,0.07047626,-0.2773424,-0.1958561,-0.02581239,0.07775749
0.1708429,-0.4530998,-0.01029369,-0.1019651,0.3211185,-0.01652209,0.04206164,0.2218129,-0.06930649,0.07976744,0.2458215,-0.07864719,-0.1662249,0.02836141,0.08099841,-0.1130626,0.03282798,0.07358544,-0.2743929,-0.1961415,-0.02661275,0.07785046
0.1751146,-0.4472264,-0.008571324,-0.1092187,0.3280954,-0.02515653,0.03379088,0.2210924,-0.08193403,0.07439756,0.2473205,-0.07129554,-0.1663862,0.03319506,0.07983758,-0.1139551,0.0342448,0.07313,-0.2726186,-0.1927474,-0.02549855,0.07629281
0.1764625,-0.4417166,0.000372991,-0.1023311,0.3250937,-0.0193824,0.03737482,0.2159393,-0.08263778,0.0670563,0.2467593,-0.0720501,-0.1616255,0.031061,0.08145083,-0.1114362,0.03551326,0.0777343,-0.2742193,-0.1935197,-0.02722304,0.07686307
0.1698392,-0.4473077,-0.006950587,-0.09225715,0.3154267,-0.0131833,0.04048681,0.2139626,-0.07960346,0.05738949,0.2504655,-0.07605837,-0.1584855,0.02788534,0.08778422,-0.1113081,0.0328007,0.07724886,-0.275609,-0.1940804,-0.02774125,0.07716192
0.1751271,-0.434824,0.001507096,-0.1002186,0.3179145,-0.01353074,0.03164807,0.2203078,-0.08807743,0.05608902,0.2509265,-0.07230314,-0.1608381,0.0342024,0.08335721,-0.1138701,0.04252691,0.07856127,-0.2752872,-0.1950626,-0.02633153,0.07895014
0.1840013,-0.4258873,0.01482281,-0.09931233,0.2919082,-0.01207146,0.0299654,0.2173244,-0.07958373,0.05824481,0.2446217,-0.0740403,-0.166486,0.03874954,0.08319249,-0.1169113,0.04816632,0.08304306,-0.2766944,-0.1967129,-0.03167049,0.07863384
0.1745435,-0.4525558,-0.007970971,-0.08897135,0.2765943,-0.01474914,0.0315093,0.2139145,-0.07491652,0.04626958,0.2453746,-0.07316235,-0.1673291,0.03630464,0.08762851,-0.1206014,0.0472548,0.08647051,-0.2734706,-0.1909252,-0.02825931,0.08403998
0.1803155,-0.4378217,-0.00775011,-0.09073926,0.2832485,-0.01663838,0.02618419,0.2191865,-0.07310111,0.05477416,0.2408931,-0.07286496,-0.16664,0.03504359,0.08594384,-0.114979,0.05150538,0.08284389,-0.275567,-0.1904035,-0.03072167,0.08228347
0.1662039,-0.4413815,-0.01128724,-0.09042159,0.2764902,-0.01701337,0.01866063,0.2187249,-0.07564657,0.04087845,0.2467819,-0.06937794,-0.1699057,0.04311404,0.08828411,-0.118201,0.05462832,0.08555106,-0.277865,-0.1919885,-0.03040311,0.08709034
0.1618548,-0.428933,-0.01372533,-0.08974183,0.2721965,-0.01417868,0.0154941,0.2257713,-0.07920408,0.04251079,0.2423538,-0.06998332,-0.1749824,0.04477058,0.08867193,-0.1249318,0.05725713,0.0825801,-0.2746046,-0.1933642,-0.02654861,0.08746117
0.1571517,-0.4265783,-0.02582063,-0.08182528,0.2809525,-0.005566338,-0.001251712,0.2275387,-0.07982893,0.05161736,0.241757,-0.07341843,-0.1745661,0.03901557,0.09217051,-0.122017,0.05504057,0.07295738,-0.2735888,-0.192389,-0.02476029,0.08776758
0.1516049,-0.4245754,-0.02066854,-0.08642018,0.2889234,-0.01423848,-0.002591432,0.2285467,-0.08160215,0.04950826,0.237864,-0.07122885,-0.1790804,0.04264197,0.08713297,-0.1228142,0.05657617,0.07311548,-0.2716025,-0.1905409,-0.02173751,0.09149233
0.124617,-0.4349159,-0.01238881,-0.07835311,0.2694255,-0.01964806,-0.00129643,0.2256279,-0.07699142,0.04233244,0.2431626,-0.07115062,-0.1801575,0.0438141,0.0858629,-0.1285074,0.05869628,0.07938407,-0.2697606,-0.1935164,-0.02649189,0.0917967
0.1252618,-0.4246947,-0.0231675,-0.08443158,0.2720111,-0.02200085,-0.005952815,0.2362235,-0.07314559,0.05212456,0.2355094,-0.06788075,-0.1795959,0.04796894,0.08234652,-0.1274238,0.05454965,0.07558384,-0.2691239,-0.1908592,-0.02496589,0.0880633
0.1335601,-0.4215874,-0.02892935,-0.07741979,0.2648636,-0.01993504,0.001463835,0.2379622,-0.04939051,0.05401093,0.2229569,-0.06508833,-0.1811668,0.04866087,0.08665232,-0.1278108,0.05808765,0.07622956,-0.2710969,-0.189314,-0.024189,0.09163117
0.1269404,-0.4382136,-0.04600339,-0.07757661,0.2508122,-0.01253332,-0.005292167,0.2406505,-0.04458657,0.05359168,0.2206167,-0.0664171,-0.1790434,0.04376235,0.08145687,-0.1308554,0.06411757,0.08074731,-0.266638,-0.1847048,-0.0207265,0.09546381
0.1238685,-0.4384456,-0.04007316,-0.08067051,0.2612205,-0.03549339,-0.01277511,0.228597,-0.06210061,0.02839815,0.2299975,-0.06247442,-0.1849054,0.05489019,0.08143914,-0.1308463,0.06416655,0.08340815,-0.2662358,-0.180216,-0.02004386,0.09730113
0.1185219,-0.4296955,-0.05194044,-0.07946149,0.2609049,-0.02675398,-0.03013214,0.2382377,-0.07271617,0.03740466,0.2332905,-0.06054962,-0.1866542,0.04932884,0.07882246,-0.1369898,0.07160779,0.08143308,-0.2637677,-0.1804669,-0.02083664,0.09228605
0.095319,-0.42614,-0.05083716,-0.08088173,0.2441927,-0.02834357,-0.0384476,0.238209,-0.07212495,0.03423256,0.2381987,-0.05983167,-0.1894169,0.05286298,0.07436156,-0.1445933,0.07526849,0.08179583,-0.2654077,-0.1844746,-0.02442565,0.09402438
0.09050056,-0.4158781,-0.04951963,-0.07469635,0.2347627,-0.0352962,-0.03999438,0.237799,-0.07240223,0.02379951,0.2331812,-0.05536778,-0.1901553,0.04945217,0.07324094,-0.1443679,0.07451591,0.08247112,-0.2644065,-0.187197,-0.02020143,0.09229956
0.06783102,-0.4182412,-0.05643684,-0.07167979,0.2410633,-0.03094093,-0.04161729,0.2420752,-0.07201399,0.0212299,0.2361316,-0.050898,-0.1913899,0.05243653,0.07759052,-0.1461687,0.07629538,0.08279593,-0.2652139,-0.1889842,-0.01721921,0.09757402
0.07812113,-0.3888615,-0.04146839,-0.07293537,0.2564892,-0.03895412,-0.03899307,0.2409757,-0.06913922,0.03374546,0.2265509,-0.05147034,-0.1837419,0.05040426,0.07381158,-0.1449239,0.06909323,0.08226001,-0.260125,-0.1858702,-0.01863969,0.08967897
0.06926275,-0.3822244,-0.05111495,-0.05724265,0.2586317,-0.05326667,-0.04674809,0.2328304,-0.06520491,0.01566795,0.2282446,-0.05328491,-0.1930387,0.05283934,0.07716075,-0.1421484,0.06467762,0.08107293,-0.2615534,-0.1849326,-0.02069669,0.09964862
0.05748345,-0.3785827,-0.05603475,-0.06409568,0.2599276,-0.05908415,-0.04834228,0.2343714,-0.06808777,0.01597884,0.2234564,-0.04680979,-0.1963011,0.05712566,0.07416782,-0.1407592,0.06672228,0.07943586,-0.2649961,-0.1790877,-0.02102604,0.09804586
0.05765249,-0.3876866,-0.07335156,-0.05579008,0.2452777,-0.04358908,-0.06726203,0.2507198,-0.07587716,0.02421869,0.2347246,-0.05158905,-0.1857476,0.04874021,0.07373562,-0.1460833,0.06978483,0.07721611,-0.2663153,-0.1783716,-0.0229898,0.09327316
0.04010709,-0.3828452,-0.07367646,-0.05207734,0.2267475,-0.04466179,-0.06450558,0.2419532,-0.06507767,0.0135795,0.2342626,-0.0533022,-0.1887787,0.04942402,0.07341766,-0.1499285,0.0739137,0.08494702,-0.2665721,-0.1788891,-0.02218601,0.0976089
0.02905654,-0.3794157,-0.09355978,-0.04365754,0.2312844,-0.03779873,-0.06716835,0.2465158,-0.06764805,0.01597645,0.2249944,-0.04821116,-0.1896036,0.04383738,0.07500181,-0.141443,0.07112799,0.07812922,-0.267798,-0.1754473,-0.01833374,0.09719922
0.02499392,-0.3641308,-0.09111372,-0.03699917,0.2403636,-0.04089471,-0.06893972,0.2459291,-0.06536619,0.01302937,0.2222249,-0.05162436,-0.185501,0.04006902,0.07659563,-0.1378306,0.06963273,0.07583395,-0.2641445,-0.1750756,-0.01748095,0.09891985
0.02962741,-0.3768568,-0.1022868,-0.03945418,0.209771,-0.03567405,-0.06058444,0.2349578,-0.0574145,0.007052761,0.2095016,-0.05221908,-0.1886241,0.04133635,0.07133058,-0.1409577,0.06670295,0.08990256,-0.2586756,-0.1642048,-0.02078804,0.09705969
