0.4422231,-0.8396249,-0.6327767,-0.130701,0.08993343,-0.03830737,0.1326209,-0.03451999,-0.03741385,0.1508586,0.1658136,0.02058993,-0.1053796,-0.0477411,-0.06490146,-5.608176e-05,0.03415352,0.01426291,-0.1448403,-0.002335031,0.04162676,0.04246761
0.4495831,-0.8490666,-0.6457891,-0.130789,0.09266571,-0.04103862,0.1289743,-0.03364364,-0.02562722,0.1466544,0.1686006,0.02032723,-0.1031096,-0.04671374,-0.06652555,-0.0004929143,0.03169492,0.01247247,-0.1354178,0.0004767515,0.04862244,0.04139959
0.4549979,-0.8524646,-0.656133,-0.1263563,0.09227874,-0.04850945,0.1217354,-0.03707452,-0.01898912,0.1457641,0.1710258,0.01618965,-0.103006,-0.0450133,-0.06782334,-0.0001236188,0.03000273,0.0104037,-0.129047,0.001789014,0.04919992,0.04142015
0.4584899,-0.8412471,-0.6598783,-0.1154829,0.09601447,-0.04571888,0.1017127,-0.02917771,-0.02218739,0.1534416,0.1650468,0.01745819,-0.1057785,-0.05298288,-0.0763089,-0.005111592,0.02656021,0.007856307,-0.119277,-0.001583338,0.05064486,0.04216462
0.4611309,-0.8487777,-0.669151,-0.1139152,0.08864195,-0.0538487,0.1074099,-0.03769318,-0.007535648,0.1422058,0.1715862,0.01328368,-0.1027207,-0.04294005,-0.07145531,-0.0025187,0.02876089,0.01132145,-0.1174588,0.001367411,0.05059583,0.04413086
0.463515,-0.8546765,-0.6761621,-0.1084966,0.091162,-0.05859124,0.1093035,-0.04181089,0.00267379,0.135625,0.1762597,0.01289655,-0.1001283,-0.03940374,-0.07387959,-0.006127499,0.03136844,0.01357523,-0.1070945,-7.7039e-05,0.05587931,0.04470764
0.4582551,-0.8563591,-0.6906196,-0.1026902,0.08828308,-0.05965962,0.1046832,-0.03626212,0.01057938,0.1321455,0.1718992,0.01084607,-0.1004137,-0.03838314,-0.07757095,-0.006576886,0.0297789,0.01283334,-0.09691112,0.001995519,0.06231153,0.04657415
0.4651938,-0.857236,-0.6985196,-0.09966522,0.0893086,-0.06276115,0.1004138,-0.034151,0.01575968,0.1293755,0.1712381,0.01083774,-0.09822786,-0.03736655,-0.07866,-0.005995654,0.03128789,0.01047267,-0.09070385,0.003925499,0.06630137,0.04569164
0.4653834,-0.8582811,-0.7072566,-0.1002333,0.1034391,-0.06864888,0.0813928,-0.02992542,0.007109592,0.125227,0.174516,0.01014977,-0.09919531,-0.03705814,-0.08579274,-0.005937774,0.02990414,0.01162178,-0.08341325,0.005049188,0.07264961,0.04618899
0.4679181,-0.8563464,-0.710393,-0.09555319,0.1050151,-0.07032476,0.07376955,-0.03225794,0.009742034,0.1214522,0.1736513,0.008869161,-0.09895525,-0.03451413,-0.08603392,-0.005538306,0.02973359,0.01215147,-0.07734482,0.005367873,0.07539898,0.04716619
0.4677552,-0.8504894,-0.7195893,-0.08531231,0.09712189,-0.06604108,0.07029182,-0.03490718,0.01453769,0.1189784,0.170581,0.002990279,-0.09847494,-0.03595319,-0.08873514,-0.009363219,0.03344177,0.01053885,-0.06627483,0.003546522,0.07571813,0.0479131
0.4585184,-0.8502089,-0.7297543,-0.07896435,0.09618732,-0.06711284,0.07085478,-0.04320301,0.02668485,0.108415,0.1699309,0.002405489,-0.09934831,-0.03211047,-0.08784994,-0.008978288,0.03726042,0.01261341,-0.05812012,0.00241812,0.07891362,0.04993311
0.4555024,-0.8336625,-0.7216455,-0.07864492,0.1238911,-0.05958925,0.05067238,-0.03010403,0.0184618,0.1087025,0.1619756,0.00640519,-0.1011629,-0.03902955,-0.09992526,-0.01468365,0.03477928,0.0151469,-0.04661135,-0.0009567433,0.08555648,0.04593906
0.4513372,-0.8295226,-0.7289708,-0.06897544,0.1245825,-0.0616895,0.04561896,-0.03155991,0.02450768,0.09889794,0.1582939,0.007271874,-0.1039567,-0.03780684,-0.09924547,-0.0126892,0.0320783,0.01321291,-0.04232017,-0.001718583,0.08816784,0.04925193
0.4513273,-0.8091419,-0.7277584,-0.064685,0.1203962,-0.05110927,0.03156393,-0.02491722,0.02211455,0.09716672,0.1516579,0.0009096377,-0.09897673,-0.04806359,-0.106807,-0.01783123,0.03282697,0.01122867,-0.0327049,-0.003350676,0.08998997,0.04372699
0.4457776,-0.795078,-0.723384,-0.0626928,0.1307812,-0.05355166,0.01964652,-0.02056714,0.0177332,0.09212505,0.1442708,0.003159674,-0.09635359,-0.0527872,-0.1125101,-0.01897963,0.02569418,0.008928434,-0.0257737,-0.001046811,0.09168526,0.04113989
0.438377,-0.7931347,-0.728394,-0.05630539,0.1212533,-0.05601816,0.02246927,-0.02802873,0.02805936,0.07928082,0.142045,0.002764594,-0.09447437,-0.0504917,-0.1120689,-0.01762309,0.02212118,0.009564412,-0.02252232,-0.0009785654,0.09132198,0.04057878
0.4319639,-0.7856245,-0.7328995,-0.04857415,0.1173688,-0.05516157,0.02435188,-0.02739248,0.04249911,0.07162929,0.1328166,0.0002791807,-0.09249946,-0.05075318,-0.1142479,-0.01887115,0.0199987,0.006044871,-0.01284656,-0.002275176,0.09257373,0.03900118
0.4464416,-0.7605164,-0.7263724,-0.04087616,0.1393384,-0.0489962,-0.015218,-0.01048449,0.02252545,0.07820656,0.1249266,0.001997934,-0.09189919,-0.06465434,-0.1231138,-0.02491122,0.02045276,0.003793982,-0.002750969,-0.001571822,0.09234512,0.03549892
0.4369588,-0.7471854,-0.7234709,-0.0374071,0.1356146,-0.04488242,-0.02201542,-0.00958081,0.02369267,0.06744255,0.1195985,0.003092233,-0.08906984,-0.07072436,-0.123299,-0.02630113,0.02117796,0.006506462,0.001853342,-0.003381752,0.09292709,0.03257751
0.4219121,-0.7369284,-0.7288567,-0.0320956,0.1275192,-0.04555989,-0.02808259,-0.01126654,0.02677172,0.05321628,0.1104543,0.005071234,-0.08952788,-0.07678054,-0.1218412,-0.02592929,0.01369265,0.005361094,0.004532597,-0.003903034,0.08957398,0.03195075
0.4134949,-0.7221157,-0.7250526,-0.02943587,0.1230918,-0.04328344,-0.03486529,-0.01283352,0.03125598,0.03287901,0.1090336,0.006841522,-0.08588248,-0.08196513,-0.1192417,-0.02641607,0.01291353,0.002564813,0.009099914,-0.006819614,0.09316393,0.02755677
0.4077558,-0.6853341,-0.7107207,-0.02124663,0.1363037,-0.04363983,-0.06170001,0.003370168,0.01488903,0.03344432,0.09430185,0.008960362,-0.0861422,-0.09901404,-0.1229735,-0.031021,0.008152855,0.0003715449,0.01547173,-0.008805245,0.08987427,0.02144206
0.4092607,-0.6477923,-0.694418,-0.0176082,0.1502384,-0.05108778,-0.08899812,0.02014224,-0.0001762578,0.04092731,0.07919785,0.009535211,-0.08128005,-0.1130522,-0.1292483,-0.03111912,2.650358e-05,-0.002985647,0.02540245,-0.009962496,0.08815888,0.01154584
0.4150798,-0.6649529,-0.6994157,-0.02810671,0.1486941,-0.05145097,-0.08793483,0.01437029,0.009957923,0.03792257,0.08570712,0.007492999,-0.08106446,-0.1110611,-0.1274492,-0.03315258,-0.0009531944,0.0005597587,0.02702342,-0.005104547,0.08387861,0.01329353
0.4223199,-0.6658108,-0.7000966,-0.03225489,0.1452617,-0.05148961,-0.09594383,0.01514084,0.009467934,0.04184775,0.08302271,0.004916721,-0.08210522,-0.1158393,-0.12601,-0.03470413,-0.003781188,-0.001015731,0.02952898,-0.001825862,0.08089727,0.012106
0.4272938,-0.66307,-0.6935057,-0.04411581,0.1535734,-0.05745668,-0.1077739,0.02755352,0.004572265,0.0504019,0.08093756,0.00388941,-0.08143901,-0.1232551,-0.1257679,-0.03533955,-0.008210362,0.0008875093,0.03238494,0.0007337717,0.07887319,0.008728511
0.4329208,-0.6502477,-0.683163,-0.05151951,0.15798,-0.05880978,-0.1258513,0.03717719,-0.001025877,0.0583699,0.07554721,0.002967404,-0.08015628,-0.1304596,-0.1256272,-0.03667116,-0.01021522,0.004378236,0.03683459,0.002127954,0.07626662,0.008439977
0.4424499,-0.655596,-0.6897993,-0.05129755,0.1566442,-0.06411371,-0.1376993,0.0490831,-0.007171577,0.0616979,0.07146981,0.00637335,-0.08174708,-0.1337183,-0.1242675,-0.03673742,-0.01443726,0.007738417,0.04036833,0.005757668,0.07342237,0.008987336
0.4497815,-0.6589985,-0.6930332,-0.05046974,0.1570293,-0.0655889,-0.1425318,0.05292736,-0.004344194,0.06417244,0.06675958,0.00865095,-0.08259698,-0.1346617,-0.1224479,-0.03638278,-0.01648069,0.009760977,0.04378946,0.008357476,0.07180268,0.01039707
0.4462231,-0.6669405,-0.6947362,-0.05493139,0.1506588,-0.06862326,-0.1453869,0.05222055,-0.004642744,0.06515761,0.06500947,0.006594098,-0.08274839,-0.1376206,-0.1208172,-0.03921106,-0.02277794,0.01441318,0.04622753,0.01187091,0.06768555,0.01002389
0.4602768,-0.6800256,-0.6980074,-0.0584817,0.1498413,-0.0705084,-0.1479804,0.05333496,-0.005648762,0.07148046,0.0615846,0.007102115,-0.08149179,-0.1382881,-0.120932,-0.03875513,-0.02853103,0.01554786,0.05243337,0.01660032,0.06468201,0.009579617
0.4701245,-0.6615409,-0.6895127,-0.05924396,0.1509778,-0.06947978,-0.1642368,0.06574272,-0.01638692,0.07889228,0.05341424,0.006238315,-0.08276304,-0.1477273,-0.1191091,-0.04029989,-0.03227573,0.0171606,0.05483486,0.01575322,0.06121111,0.005984401
0.4748558,-0.6612641,-0.6854307,-0.0666709,0.1482617,-0.06590906,-0.1673851,0.06844922,-0.01533632,0.07878553,0.04863822,0.003968728,-0.08118851,-0.1509585,-0.1177035,-0.04083337,-0.03513564,0.0167848,0.05477385,0.01819834,0.06128476,0.006355631
0.4798826,-0.6587173,-0.6800337,-0.07340188,0.1431562,-0.06004523,-0.1741611,0.07710063,-0.0186291,0.07944288,0.04431606,0.003848026,-0.07735778,-0.1562588,-0.1151285,-0.04122774,-0.03966984,0.01902546,0.05486421,0.01986811,0.05911387,0.004087254
0.4889694,-0.6513003,-0.6688922,-0.08092764,0.14216,-0.05569632,-0.181748,0.08436161,-0.02477445,0.08517697,0.04181878,0.002737785,-0.07273187,-0.159542,-0.1140304,-0.0409263,-0.04159885,0.02241628,0.05557885,0.01926838,0.05794225,0.001810736
0.4912882,-0.6493854,-0.66449,-0.08343771,0.1370372,-0.05242276,-0.1851538,0.08710112,-0.02260807,0.08398497,0.03680747,0.0006675844,-0.07249651,-0.1635683,-0.1110426,-0.04179494,-0.04414868,0.02309406,0.05671563,0.020613,0.05625429,0.002384668
0.5017731,-0.6449136,-0.6510903,-0.08906138,0.1323245,-0.04715355,-0.1892127,0.08754712,-0.0248343,0.0856965,0.04153851,-0.001419402,-0.07090903,-0.1623289,-0.105566,-0.03963377,-0.0464586,0.02152694,0.05511241,0.01945172,0.0589225,-0.002615223
0.5111499,-0.6405116,-0.6450172,-0.09502103,0.1284204,-0.03940868,-0.1950047,0.09018251,-0.02953126,0.08176913,0.03816148,-0.003668267,-0.07022261,-0.1661721,-0.1029748,-0.03916345,-0.05156027,0.02179573,0.05815374,0.01977839,0.06120702,-0.003799413
0.5186682,-0.6330783,-0.6384336,-0.09894709,0.1248885,-0.03006732,-0.2002003,0.08996994,-0.03397831,0.08097382,0.03489367,-0.00474121,-0.06856444,-0.1681527,-0.101504,-0.03883854,-0.05266993,0.02402694,0.05992374,0.01949003,0.06124052,-0.00468652
0.5266761,-0.6155417,-0.6228032,-0.1032564,0.1258554,-0.03394835,-0.2066246,0.0952592,-0.03842287,0.08238266,0.02861049,-0.007115804,-0.06766004,-0.1720911,-0.1009807,-0.03828121,-0.05439774,0.02658076,0.06215656,0.01698571,0.06247069,-0.006238027
0.5346305,-0.6007465,-0.6033944,-0.1092875,0.1327778,-0.03523417,-0.2068567,0.10223,-0.0416072,0.08378035,0.02243232,-0.00819068,-0.06718853,-0.1745056,-0.09992424,-0.03942019,-0.05925612,0.02916444,0.0642468,0.01359963,0.0610263,-0.006692212
0.5360923,-0.5840227,-0.5858484,-0.1155318,0.1287057,-0.02533948,-0.2129946,0.1053426,-0.04656578,0.08047322,0.01549398,-0.0106964,-0.06417063,-0.1819837,-0.09878983,-0.04244487,-0.06003873,0.03092232,0.06448155,0.009790184,0.06132277,-0.00820166
0.5464479,-0.5594843,-0.5705087,-0.1178195,0.1367598,-0.02614621,-0.2222902,0.1073757,-0.06038847,0.08178724,0.008639759,-0.01188918,-0.06347857,-0.1860631,-0.10143,-0.04173757,-0.05959922,0.03536806,0.06716534,0.005595217,0.05863469,-0.0103265
0.5495189,-0.5491509,-0.5579359,-0.1227269,0.1344672,-0.02554364,-0.2274941,0.1157416,-0.06435803,0.07968479,0.004200911,-0.01195381,-0.06061507,-0.1904203,-0.09878822,-0.04118099,-0.0626044,0.03828141,0.06883848,0.004216861,0.06304433,-0.01333916
0.5555549,-0.5431999,-0.5446033,-0.1322444,0.133596,-0.01718646,-0.2243438,0.1123651,-0.07010151,0.07295328,0.00293938,-0.01919238,-0.05837043,-0.1894482,-0.09882242,-0.04042629,-0.06596883,0.03918183,0.0675616,0.003794802,0.07004384,-0.01415474
0.560262,-0.5235276,-0.527972,-0.1390594,0.1296315,-0.008987417,-0.2307961,0.1108423,-0.07925382,0.07364813,-0.002091242,-0.02283389,-0.05702135,-0.1953544,-0.09927756,-0.04144429,-0.06690902,0.03908366,0.0676253,-0.0007542993,0.07021252,-0.0155051
0.560895,-0.5074682,-0.5178636,-0.1440473,0.1172738,-0.003806619,-0.2334161,0.107767,-0.08449415,0.06997359,-0.008363613,-0.03229629,-0.05748175,-0.1991332,-0.09711307,-0.04237242,-0.06966458,0.04101439,0.06861279,-0.002698588,0.06862783,-0.01472747
0.5640035,-0.5175717,-0.5202066,-0.1411312,0.1121264,-0.008348611,-0.2285471,0.1170696,-0.08767114,0.06411595,-0.004773986,-0.02584689,-0.05717501,-0.1970927,-0.09409827,-0.04558697,-0.07206748,0.04169516,0.06916501,-0.004056662,0.07111498,-0.01449954
0.5685543,-0.5331568,-0.5307475,-0.1367231,0.1031514,-0.01559571,-0.2185107,0.1176479,-0.08636754,0.06540179,-0.001998406,-0.02320331,-0.05802058,-0.1930242,-0.09341004,-0.04550735,-0.07694855,0.03951224,0.07001764,-0.002719787,0.07039713,-0.01278399
0.5748057,-0.5294445,-0.5249694,-0.1351149,0.1066567,-0.02406202,-0.2158092,0.1245321,-0.08841878,0.06773132,-0.00596541,-0.02153519,-0.05850129,-0.1940536,-0.0938789,-0.04615481,-0.07849666,0.04378427,0.06890114,-0.003222791,0.06976636,-0.01169184
0.5690823,-0.5351501,-0.5356516,-0.1179887,0.08383415,-0.02441105,-0.203586,0.114803,-0.08673669,0.06284054,-0.004244438,-0.02117089,-0.06452438,-0.187928,-0.09084895,-0.04553089,-0.08146849,0.03973056,0.06365723,-0.00634587,0.06480461,-0.0061133
0.5769315,-0.5386245,-0.5353945,-0.1133893,0.07887258,-0.0283011,-0.2025504,0.1173748,-0.08619985,0.06336308,-5.080753e-06,-0.02284214,-0.06643409,-0.1852989,-0.08776218,-0.04771752,-0.08214203,0.03818377,0.06335133,-0.008124296,0.06706396,-0.006393408
0.5766503,-0.5392216,-0.5373926,-0.1084717,0.06794411,-0.0303876,-0.2007652,0.123365,-0.08988432,0.06353975,-0.0008377802,-0.02522892,-0.06675971,-0.1848729,-0.08562312,-0.04988071,-0.08374295,0.03952008,0.06567217,-0.009108548,0.06741931,-0.005233821
0.5804027,-0.5412486,-0.5357525,-0.1018787,0.0576513,-0.03440145,-0.1942345,0.1230672,-0.09069777,0.06403623,0.00211613,-0.0264464,-0.06816678,-0.1804397,-0.08384666,-0.04974793,-0.08381265,0.03784188,0.06559642,-0.01119579,0.06648529,-0.004830094
0.5911862,-0.5351811,-0.5299405,-0.1033948,0.05315663,-0.03390385,-0.194105,0.1340477,-0.09550291,0.06351519,-0.001353906,-0.02675695,-0.06566059,-0.1851138,-0.08272986,-0.05428011,-0.08474634,0.04080555,0.06603252,-0.01376133,0.07125372,-0.009954294
0.5911438,-0.5324166,-0.5275222,-0.0992226,0.04143083,-0.03505271,-0.1881828,0.1332565,-0.09508636,0.06368827,-3.524303e-05,-0.02867789,-0.06592251,-0.1827927,-0.07937443,-0.05433516,-0.08527298,0.03941913,0.06312902,-0.01581765,0.07342132,-0.01037578
0.5876883,-0.5269546,-0.5245419,-0.09540182,0.03006251,-0.03762658,-0.1844137,0.1305897,-0.09423524,0.06023949,0.0001977829,-0.03146551,-0.06687946,-0.1804686,-0.07771034,-0.05467536,-0.08499956,0.04056761,0.06293363,-0.01833355,0.07243112,-0.01034901
0.5773233,-0.5174629,-0.5205295,-0.08602957,0.01915467,-0.03810901,-0.1775556,0.1291718,-0.09654023,0.05335916,-0.002520095,-0.03210092,-0.06909323,-0.1791897,-0.07591051,-0.05657637,-0.08689425,0.0434716,0.0646188,-0.02548523,0.07445284,-0.01089089
0.5742414,-0.5057511,-0.5155552,-0.08445434,0.01095645,-0.03850991,-0.1756929,0.1252983,-0.09593049,0.04669014,-0.005665686,-0.03238394,-0.06812624,-0.1799262,-0.07833749,-0.05728268,-0.08723358,0.04419054,0.06582097,-0.02848171,0.07471064,-0.01096472
0.5713204,-0.4993698,-0.5146742,-0.07856429,0.003264523,-0.04107023,-0.1739823,0.1218238,-0.09821375,0.04173473,-0.005069519,-0.03281508,-0.06860188,-0.1784169,-0.07606844,-0.05638486,-0.08786163,0.04524489,0.06707617,-0.03175833,0.07610048,-0.01223717
0.5623654,-0.4946366,-0.513792,-0.07387223,-0.01122015,-0.04470111,-0.1703469,0.1180128,-0.09665793,0.03022937,-0.0006622269,-0.03389475,-0.06794459,-0.1761208,-0.07214137,-0.05488425,-0.09006397,0.04567033,0.06532174,-0.03540884,0.07858112,-0.01249447
0.555263,-0.5000846,-0.5175692,-0.07191449,-0.02504542,-0.04907668,-0.1627017,0.1156974,-0.08919972,0.01752244,0.002495504,-0.03422374,-0.06908608,-0.1708028,-0.06702704,-0.0544087,-0.09487021,0.04461895,0.06508189,-0.03719146,0.07998081,-0.01290531
0.5436492,-0.492303,-0.5185329,-0.0652054,-0.03373101,-0.05226031,-0.1623466,0.1065851,-0.08836343,0.012878,0.005636392,-0.03553693,-0.07172013,-0.1660936,-0.06347416,-0.05158183,-0.09318357,0.04519993,0.06595752,-0.04157431,0.08002309,-0.01052545
0.5390829,-0.4804055,-0.5196792,-0.05738788,-0.04749681,-0.05119185,-0.1619411,0.09720677,-0.08499714,0.004747458,0.001879027,-0.03406585,-0.06981202,-0.1666674,-0.06118193,-0.05096502,-0.09361536,0.04810594,0.070825,-0.04193968,0.07958395,-0.01374599
0.5252303,-0.4634913,-0.5158417,-0.05468008,-0.06718729,-0.04548667,-0.156911,0.08716392,-0.07959404,-0.005664209,0.0003957363,-0.03946176,-0.067593,-0.1662058,-0.06243952,-0.05166252,-0.09639364,0.0485139,0.06970815,-0.04681877,0.08122232,-0.01460665
0.5131638,-0.4557767,-0.5107636,-0.05311288,-0.07984834,-0.04481342,-0.1603144,0.08258272,-0.08043901,-0.01420893,0.004515897,-0.03341562,-0.06612758,-0.1667908,-0.06035054,-0.049924,-0.09841967,0.04844771,0.06512519,-0.05181775,0.08050176,-0.01455616
0.5033036,-0.4488736,-0.5143631,-0.04299322,-0.1034993,-0.03876974,-0.1553948,0.07278233,-0.07706886,-0.0260955,0.005737422,-0.033174,-0.06569365,-0.1635739,-0.0575143,-0.04820846,-0.0971991,0.04667665,0.06384473,-0.05615617,0.0819691,-0.01266962
0.5004398,-0.4376476,-0.5124145,-0.03666394,-0.1093497,-0.0375337,-0.1529657,0.06508493,-0.07430288,-0.0323833,0.005571585,-0.03039925,-0.06427403,-0.1601962,-0.05907419,-0.04538096,-0.09492572,0.04572026,0.06317253,-0.05957007,0.08333441,-0.01212249
0.492776,-0.4234317,-0.5079914,-0.03067638,-0.1168441,-0.03634145,-0.1514106,0.06138456,-0.07290705,-0.03922722,0.00571901,-0.02995672,-0.06313033,-0.1560785,-0.05873934,-0.04292967,-0.09360832,0.04612808,0.06529316,-0.06453899,0.08473449,-0.01282852
0.4776297,-0.4027981,-0.4984294,-0.0309473,-0.1306678,-0.03168762,-0.1513356,0.05496522,-0.07110646,-0.04035849,0.004341875,-0.03554546,-0.06200047,-0.1539035,-0.05801727,-0.04002888,-0.09616217,0.04599058,0.06441886,-0.07026608,0.08503562,-0.01340516
0.4665177,-0.3791077,-0.4900485,-0.03311643,-0.1415441,-0.02890527,-0.1557776,0.04857226,-0.06934652,-0.04198543,0.00651308,-0.04588668,-0.06078093,-0.1524053,-0.05794249,-0.03833137,-0.09574237,0.04575464,0.06324088,-0.07902301,0.09187187,-0.01607024
0.4662001,-0.3902586,-0.4891531,-0.03909134,-0.1397033,-0.02867688,-0.1550945,0.06064203,-0.07077204,-0.04149158,0.004522119,-0.04219169,-0.05814481,-0.1574388,-0.05770953,-0.03967645,-0.1000533,0.0478857,0.06063566,-0.07607673,0.08806,-0.01735064
0.4570664,-0.3879849,-0.487306,-0.03966263,-0.1381737,-0.0276629,-0.1547495,0.06195466,-0.06975434,-0.04183587,0.003153947,-0.04571542,-0.05974979,-0.1553869,-0.05652487,-0.04104382,-0.0979431,0.04989529,0.063885,-0.07536676,0.08645368,-0.01705081
0.4475696,-0.3929155,-0.4954367,-0.04434726,-0.1468092,-0.0247996,-0.1476418,0.0581196,-0.06429004,-0.04365032,-0.0002049766,-0.05145709,-0.05961065,-0.1545618,-0.05669562,-0.03994884,-0.1020243,0.04876395,0.06354148,-0.07248247,0.08756459,-0.01863624
0.4527818,-0.390005,-0.4874084,-0.06585032,-0.1390624,-0.02478185,-0.1558695,0.0739168,-0.07204906,-0.03758165,-0.002991367,-0.05851937,-0.05160021,-0.1613196,-0.06408831,-0.04053678,-0.1035222,0.05106825,0.06179477,-0.06880397,0.08642811,-0.01991631
0.4433967,-0.3888357,-0.4878839,-0.06969732,-0.1371091,-0.02275673,-0.154079,0.07526365,-0.07008258,-0.0359873,-0.006183615,-0.06237523,-0.05151507,-0.1609051,-0.06597093,-0.0394571,-0.1014977,0.04991229,0.06233586,-0.06814776,0.08706782,-0.01964062
0.4372172,-0.3879905,-0.4857426,-0.07737136,-0.1293378,-0.02621295,-0.1562919,0.08441159,-0.07410065,-0.03008992,-0.01203166,-0.06182285,-0.05063229,-0.1640756,-0.06921837,-0.03978577,-0.1024856,0.05344772,0.06480265,-0.0669011,0.08313881,-0.02054194
0.425186,-0.3716719,-0.4747918,-0.08023208,-0.1427184,-0.01510608,-0.1518664,0.08441127,-0.0556493,-0.01642873,-0.02825859,-0.07072333,-0.04251913,-0.1636162,-0.06698028,-0.0460069,-0.1073211,0.05285009,0.06597096,-0.06520618,0.07684956,-0.02173791
0.4249243,-0.3645072,-0.4685981,-0.08556085,-0.1476297,-0.01006206,-0.1524922,0.08265718,-0.05914311,-0.01834086,-0.02978785,-0.07619295,-0.03778328,-0.1636012,-0.06770689,-0.04693751,-0.1089757,0.05403717,0.06510829,-0.06353112,0.07741813,-0.02263635
0.4218494,-0.364739,-0.4648308,-0.09075455,-0.147955,-0.00756483,-0.1538045,0.08810798,-0.05977227,-0.01790428,-0.03060744,-0.07905158,-0.03503062,-0.1646107,-0.06803183,-0.04866586,-0.1098925,0.05643171,0.06477904,-0.06121547,0.076047,-0.02401722
0.4143349,-0.3758914,-0.4678895,-0.1079054,-0.1316466,-0.01128526,-0.156001,0.1015568,-0.0695479,-0.02764834,-0.0256698,-0.08049235,-0.04262986,-0.1709689,-0.07169195,-0.04444323,-0.1092421,0.06036246,0.06763244,-0.06170151,0.08007548,-0.02814221
0.4167944,-0.3680115,-0.4595155,-0.1223799,-0.1202331,-0.006756226,-0.1671415,0.1085469,-0.07748006,-0.01372504,-0.03190756,-0.08587646,-0.03757891,-0.1775765,-0.07801092,-0.04563749,-0.1055388,0.06410801,0.06708115,-0.05590537,0.0753389,-0.03111545
0.4117917,-0.3488331,-0.444321,-0.1339,-0.1170965,0.001039619,-0.1710614,0.1264486,-0.07846021,-0.002845542,-0.04752919,-0.09316307,-0.0329687,-0.1839023,-0.08319136,-0.04703243,-0.1081346,0.06874207,0.0663758,-0.05555045,0.07232397,-0.0334346
0.401301,-0.3418323,-0.4403571,-0.139236,-0.1172015,0.005076657,-0.1711298,0.1281753,-0.07792141,-0.003972375,-0.05026551,-0.09547559,-0.03144595,-0.1845023,-0.08437747,-0.04618655,-0.1075002,0.06955776,0.0664013,-0.05547294,0.07244071,-0.03580136
0.3787338,-0.3550319,-0.4515132,-0.1366666,-0.138835,0.01095425,-0.1625272,0.1146809,-0.07435229,-0.02093658,-0.04224677,-0.09578166,-0.03270431,-0.177742,-0.0808029,-0.0400731,-0.1092815,0.06364222,0.06247488,-0.05423929,0.07380629,-0.03120048
0.3702781,-0.3552235,-0.4460068,-0.1421799,-0.1378253,0.01244894,-0.1635923,0.1236342,-0.07672567,-0.02099409,-0.04426927,-0.09899763,-0.0325897,-0.1795402,-0.07928129,-0.04208614,-0.1105881,0.06684117,0.06285647,-0.05239467,0.07379938,-0.03257408
0.3611186,-0.3506424,-0.4423132,-0.1459225,-0.1384737,0.01668166,-0.1640803,0.1258608,-0.07747215,-0.02232003,-0.04828167,-0.09887489,-0.03183629,-0.1807889,-0.07963177,-0.04137065,-0.1107856,0.06913786,0.06158702,-0.0516038,0.07104582,-0.03242752
0.3647957,-0.3423745,-0.4287124,-0.1571064,-0.1335141,0.02197684,-0.167328,0.1304346,-0.08232258,-0.02463046,-0.05213144,-0.100086,-0.02879805,-0.183006,-0.08077008,-0.03962604,-0.1130329,0.06873279,0.0602666,-0.04983628,0.07144526,-0.03509102
0.351737,-0.3310268,-0.4207818,-0.1607614,-0.140345,0.02885199,-0.1676375,0.1394399,-0.08756895,-0.02768516,-0.05799684,-0.1064172,-0.02756185,-0.1868891,-0.07891816,-0.04114039,-0.1144131,0.07348459,0.06132485,-0.05028522,0.07376345,-0.0382156
0.3388699,-0.306635,-0.4048347,-0.1565437,-0.15083,0.0443405,-0.1663916,0.1413358,-0.07461273,-0.02192771,-0.06896883,-0.1071486,-0.02023195,-0.1853283,-0.07411766,-0.04862025,-0.1167758,0.07409738,0.06377761,-0.05385916,0.07196257,-0.04189847
0.3327392,-0.304483,-0.4016947,-0.1703317,-0.1485351,0.05095038,-0.1661038,0.1467439,-0.07425413,-0.02336575,-0.06892905,-0.1145495,-0.0196834,-0.1859297,-0.07584838,-0.04687738,-0.1191148,0.07105193,0.06611782,-0.05472142,0.07652044,-0.0447022
0.3378558,-0.2862023,-0.3859039,-0.180298,-0.1450156,0.06222617,-0.1677888,0.1600354,-0.06730057,-0.01918045,-0.07240435,-0.1158317,-0.01497068,-0.1888936,-0.07980441,-0.04244642,-0.1158283,0.06892509,0.06675088,-0.05425347,0.07306113,-0.04939458
0.3376575,-0.2793141,-0.3773842,-0.1888324,-0.137505,0.06750435,-0.1764442,0.1706784,-0.07306855,-0.01430063,-0.07742611,-0.1187281,-0.01367534,-0.1945343,-0.08229109,-0.04382199,-0.1128814,0.07320849,0.06844536,-0.05425477,0.07234139,-0.05268039
0.3270547,-0.275855,-0.3778552,-0.2032171,-0.1313244,0.07313287,-0.1807286,0.1712642,-0.08851495,-0.02010457,-0.07884478,-0.1201628,-0.01344331,-0.1975824,-0.08842141,-0.0408943,-0.1126233,0.07554347,0.06592941,-0.05343941,0.07525297,-0.05154227
0.3206194,-0.2679577,-0.3712213,-0.2104411,-0.129438,0.0737924,-0.1798867,0.1743962,-0.09264552,-0.01821754,-0.08305899,-0.1235465,-0.0135982,-0.2001755,-0.08979797,-0.04109383,-0.1154835,0.07759205,0.06653669,-0.05331268,0.07509225,-0.05218368
0.3230208,-0.2834959,-0.3744904,-0.2152326,-0.1323627,0.0665784,-0.1791798,0.1826469,-0.09547776,-0.03133474,-0.0827383,-0.1230477,-0.009805602,-0.1987246,-0.08472555,-0.03902458,-0.115032,0.07604005,0.0683315,-0.04733246,0.07840424,-0.051464
0.3128079,-0.2937227,-0.381209,-0.2142553,-0.1485557,0.06058088,-0.1666996,0.1791313,-0.08437745,-0.04314986,-0.07629728,-0.1205487,-0.008472402,-0.1876016,-0.07992771,-0.03379611,-0.1169418,0.06927841,0.07097476,-0.04715345,0.07988933,-0.04833822
0.3151061,-0.2921168,-0.3684978,-0.2287965,-0.1519664,0.06371874,-0.1654837,0.194582,-0.06577588,-0.04345028,-0.07791091,-0.1272917,-0.00182727,-0.1861292,-0.08056072,-0.03024025,-0.1190001,0.06281462,0.07131703,-0.04659362,0.08691522,-0.05326512
0.3232038,-0.3106015,-0.3690482,-0.2339629,-0.17048,0.06527982,-0.159642,0.1933803,-0.05367998,-0.05006572,-0.07716122,-0.130857,0.001885767,-0.1794243,-0.07323731,-0.02664472,-0.1208448,0.05204744,0.06784597,-0.0429671,0.09153811,-0.05056981
0.3244084,-0.3092561,-0.3582005,-0.2405413,-0.1616409,0.05805864,-0.1719369,0.1999902,-0.06186126,-0.05131109,-0.07755854,-0.1282526,0.004825395,-0.1816756,-0.07040238,-0.02702993,-0.1148541,0.0538772,0.07225066,-0.04050313,0.09462113,-0.05353553
0.3296065,-0.3059443,-0.3471651,-0.2507391,-0.1589202,0.05522153,-0.1741354,0.2086618,-0.06634552,-0.05377888,-0.07826124,-0.1308102,0.007525861,-0.1799471,-0.06916496,-0.02495224,-0.1148142,0.05413313,0.07392087,-0.03875689,0.09543348,-0.05566314
0.341482,-0.3150084,-0.3421491,-0.2593133,-0.1593858,0.04966034,-0.1771648,0.2111142,-0.07082471,-0.05727014,-0.07222024,-0.1300239,0.009650805,-0.1757783,-0.06764064,-0.02009943,-0.1116945,0.05052413,0.07367215,-0.03657606,0.09863818,-0.05714514
0.3398804,-0.3127665,-0.3356793,-0.2698109,-0.1722456,0.05129954,-0.1683888,0.2277017,-0.04850904,-0.06486317,-0.07942842,-0.1281896,0.01670923,-0.1746985,-0.06316857,-0.009856866,-0.1134647,0.0425029,0.07369241,-0.03449399,0.09959296,-0.05677457
0.3372361,-0.3099885,-0.3253878,-0.2794035,-0.1667337,0.04894358,-0.1748304,0.2151885,-0.07015641,-0.07751709,-0.07540248,-0.1243569,0.01892313,-0.1681977,-0.05847302,-0.009162065,-0.1142502,0.03777616,0.07120109,-0.03155256,0.1023431,-0.05654638
0.3361223,-0.3085393,-0.3205668,-0.2844799,-0.1685939,0.05012278,-0.1777467,0.2193187,-0.07071658,-0.08610874,-0.0759965,-0.121926,0.02255108,-0.1647114,-0.058626,-0.006279942,-0.1138625,0.03754325,0.07029254,-0.03034317,0.1056159,-0.05713949
0.3423916,-0.3021257,-0.303925,-0.2966232,-0.1617775,0.05326362,-0.1874961,0.227557,-0.07958416,-0.09315983,-0.07419767,-0.1205665,0.02861232,-0.1627079,-0.05784651,-0.005272538,-0.1103971,0.03381512,0.0706673,-0.02890812,0.1094385,-0.06051803
0.3437052,-0.2922401,-0.2881071,-0.308784,-0.1526137,0.05549205,-0.1946326,0.2320297,-0.08535334,-0.09273431,-0.07320897,-0.1181362,0.03186338,-0.1627514,-0.05932012,-0.003951652,-0.1075621,0.03268395,0.07015831,-0.03001034,0.1106108,-0.06154507
0.3313638,-0.3081714,-0.2967814,-0.3053356,-0.1611581,0.05613755,-0.1972749,0.2299167,-0.0907227,-0.1116848,-0.06530634,-0.1061516,0.03381322,-0.1577401,-0.05337769,1.038983e-05,-0.1059678,0.0313785,0.06499653,-0.02761224,0.112016,-0.05723162
0.3151042,-0.2985016,-0.284412,-0.3273667,-0.167765,0.06457126,-0.1935734,0.2303845,-0.09594711,-0.1256238,-0.06163104,-0.1144232,0.03821438,-0.1527565,-0.04976574,0.005935179,-0.1095836,0.02157646,0.06242349,-0.0273241,0.1194998,-0.06091131
0.3193448,-0.2974898,-0.2753356,-0.3327594,-0.1641046,0.06557875,-0.1992669,0.2367935,-0.1027805,-0.1292133,-0.06493574,-0.1125314,0.03942808,-0.1524054,-0.04701341,0.00767499,-0.1083272,0.02510387,0.06303882,-0.02689477,0.1204166,-0.06069055
0.3182628,-0.2901896,-0.2635992,-0.3412266,-0.1619261,0.06550539,-0.2015335,0.2377119,-0.1066453,-0.1322767,-0.06457227,-0.1129093,0.04133517,-0.1521369,-0.04393427,0.008660313,-0.1065726,0.02581076,0.06465468,-0.02749824,0.1231074,-0.06270353
0.3203698,-0.2745031,-0.2480921,-0.3536567,-0.15901,0.06761241,-0.2078127,0.2438908,-0.1161123,-0.1288895,-0.07568952,-0.1116026,0.04296234,-0.1559951,-0.04382785,0.01216374,-0.1058412,0.02272433,0.05891448,-0.0245417,0.1202228,-0.06162395
0.3166256,-0.278512,-0.2348503,-0.3684148,-0.1590098,0.06346232,-0.1982758,0.2377959,-0.1168476,-0.1461359,-0.07207682,-0.1072948,0.04741034,-0.1445848,-0.042679,0.02233156,-0.1056392,0.01890215,0.06149895,-0.02448525,0.1227266,-0.06345262
0.3191442,-0.2735564,-0.2267,-0.3695501,-0.1571223,0.06000556,-0.2027781,0.2418955,-0.1225865,-0.1509079,-0.0741745,-0.1034128,0.04574347,-0.1450185,-0.03677507,0.0223456,-0.1024313,0.022406,0.06211084,-0.0254874,0.121199,-0.06435815
0.3194544,-0.2684944,-0.2141944,-0.3735672,-0.1594846,0.06075089,-0.2011601,0.2423621,-0.1287196,-0.1540084,-0.07923446,-0.1035854,0.04816594,-0.1441592,-0.03600761,0.02628922,-0.09928727,0.02228624,0.06089121,-0.02549505,0.1201501,-0.06278005
0.3118656,-0.2512961,-0.1967344,-0.3882616,-0.1588016,0.06933434,-0.2014987,0.2506752,-0.1289077,-0.1569519,-0.08258128,-0.1104364,0.0528469,-0.1435819,-0.03223994,0.0276883,-0.09865064,0.02168419,0.06602466,-0.02656935,0.1205101,-0.06456315
0.3143548,-0.2439501,-0.1819144,-0.3940144,-0.1532479,0.07165577,-0.2103321,0.2555531,-0.1467433,-0.1638758,-0.08467201,-0.1082615,0.05370287,-0.1457705,-0.02573659,0.02759187,-0.09147184,0.02559222,0.06572523,-0.02404272,0.1190525,-0.0655962
0.3121871,-0.2468293,-0.1823027,-0.3931116,-0.1643613,0.08023579,-0.2069438,0.2526505,-0.144752,-0.1761428,-0.081707,-0.1030658,0.05516507,-0.1362848,-0.02038159,0.03504016,-0.09034622,0.01721483,0.06159997,-0.02366689,0.119475,-0.06467981
0.2937547,-0.2310258,-0.1702755,-0.4004638,-0.1714275,0.09352481,-0.2083814,0.2473261,-0.1470711,-0.1766423,-0.08813971,-0.1027011,0.05747915,-0.1357624,-0.01581683,0.0403965,-0.08222424,0.01440391,0.06061323,-0.0210309,0.1150081,-0.06253131
0.2821853,-0.2300628,-0.1734656,-0.4103726,-0.1742094,0.09324446,-0.2080286,0.2586533,-0.1444757,-0.1827607,-0.09184322,-0.1087172,0.06301159,-0.133072,-0.02166887,0.0425155,-0.08576765,0.01587944,0.06310496,-0.01893872,0.1121865,-0.06279623
0.2742214,-0.2340546,-0.1787878,-0.411497,-0.1709772,0.08427021,-0.1995045,0.2649878,-0.145936,-0.1850259,-0.08896857,-0.1097317,0.06286166,-0.1290861,-0.02882089,0.03852594,-0.09227505,0.02147662,0.06478145,-0.02218227,0.1078236,-0.06387444
0.2579188,-0.2357294,-0.1853761,-0.4179188,-0.1628087,0.08401558,-0.2011185,0.2688276,-0.1418444,-0.1834981,-0.08868363,-0.1106971,0.06273585,-0.1305432,-0.03139909,0.03656516,-0.09091055,0.02750433,0.06793354,-0.02014361,0.1028569,-0.06301745
0.2313783,-0.2289201,-0.1873624,-0.4286473,-0.1695647,0.08692914,-0.1994039,0.2672206,-0.1341177,-0.1810775,-0.08901153,-0.1192416,0.06541783,-0.1264339,-0.04201699,0.03813579,-0.08957794,0.02776764,0.07236388,-0.01951662,0.09426705,-0.0635689
0.2174485,-0.2358866,-0.2007498,-0.4249308,-0.1720194,0.08298633,-0.1981042,0.2713887,-0.1310982,-0.1893769,-0.08659438,-0.1169258,0.06403505,-0.1217834,-0.04059289,0.039605,-0.08689796,0.02817106,0.07271358,-0.01883422,0.09177613,-0.06258976
0.2133563,-0.2292573,-0.1960952,-0.4410503,-0.1686457,0.08310527,-0.1973035,0.2836318,-0.136062,-0.1829112,-0.08951893,-0.1261162,0.07297418,-0.1260237,-0.05219764,0.03599164,-0.08667616,0.03850111,0.07762355,-0.01470621,0.08207942,-0.06591645
0.1952285,-0.2269533,-0.1984639,-0.4392851,-0.1637943,0.08148246,-0.1960124,0.2888124,-0.1335663,-0.1870254,-0.08715244,-0.1260067,0.07127307,-0.1237311,-0.05353547,0.03346922,-0.08229114,0.04254245,0.07872742,-0.01507002,0.07723048,-0.0633847
0.1757343,-0.2264397,-0.2102649,-0.4364969,-0.1734567,0.07890992,-0.1895341,0.2949374,-0.1285654,-0.1987341,-0.08853543,-0.1258611,0.07335135,-0.1206195,-0.05456185,0.03399607,-0.08074541,0.04745317,0.07924386,-0.01115697,0.06825282,-0.06165433
0.1657423,-0.2252349,-0.2104683,-0.4399378,-0.1744374,0.08248883,-0.1857534,0.2940995,-0.1267627,-0.1987929,-0.08606955,-0.1293955,0.0737769,-0.1178756,-0.05596861,0.03519057,-0.08014726,0.04611589,0.07952728,-0.0120658,0.06669962,-0.0628156
0.1691479,-0.2275961,-0.2082332,-0.4381484,-0.1791109,0.07919054,-0.1750795,0.2979361,-0.13123,-0.1983057,-0.09050406,-0.1296636,0.07529517,-0.1183748,-0.0587749,0.03448669,-0.07995654,0.04936302,0.07651376,-0.01117027,0.06236787,-0.06460556
0.1639027,-0.2238765,-0.1984764,-0.4433143,-0.1758585,0.08511007,-0.1742171,0.3052798,-0.1399873,-0.1942182,-0.09153414,-0.1310768,0.07298934,-0.1205596,-0.0567806,0.03001053,-0.08179975,0.05284033,0.07847103,-0.01438789,0.05840321,-0.06958171
0.1600569,-0.2263791,-0.1970559,-0.4424349,-0.1796029,0.08905215,-0.1650827,0.306088,-0.1425519,-0.189761,-0.09494372,-0.1297951,0.07196628,-0.1192113,-0.05986312,0.0299901,-0.08125631,0.05294859,0.07314942,-0.01533026,0.05650128,-0.07135045
0.1592145,-0.230798,-0.1948457,-0.4443069,-0.1783,0.09319022,-0.1616417,0.3154882,-0.1484834,-0.1945599,-0.09821039,-0.1307696,0.0731492,-0.1248868,-0.06109087,0.02440182,-0.08150493,0.06338526,0.07305924,-0.01362847,0.05361866,-0.07403029
0.1528195,-0.2274328,-0.1961267,-0.4312347,-0.1821335,0.09466629,-0.1584395,0.3224573,-0.1520679,-0.1981612,-0.09894762,-0.124573,0.06691039,-0.1256515,-0.05484626,0.01838001,-0.07850993,0.06969306,0.07006224,-0.01524531,0.04843039,-0.07412108
0.1474032,-0.226918,-0.1963906,-0.4301846,-0.1817024,0.09648162,-0.1526908,0.3225718,-0.1542491,-0.1973047,-0.09945714,-0.1252844,0.06394977,-0.1233949,-0.05462714,0.01611981,-0.07652092,0.07267755,0.06978814,-0.01522966,0.0415278,-0.07449171
0.1353769,-0.2233548,-0.1924064,-0.4294065,-0.1929997,0.1034766,-0.1428682,0.3285267,-0.1540007,-0.2021032,-0.102251,-0.1237304,0.06511325,-0.1187496,-0.05327353,0.01508298,-0.07803943,0.0757795,0.06935698,-0.01546231,0.03294199,-0.07506782
0.1272112,-0.2419793,-0.209072,-0.4190878,-0.2033498,0.1070392,-0.134281,0.3234457,-0.1534564,-0.2022546,-0.09912362,-0.1155939,0.05897276,-0.1159134,-0.05269365,0.01332014,-0.07654074,0.07988048,0.06867266,-0.01931858,0.03128427,-0.07685331
0.1126036,-0.2447701,-0.2156784,-0.4166557,-0.2171793,0.1144825,-0.1170543,0.3192259,-0.1492224,-0.21283,-0.09833056,-0.116935,0.06004519,-0.1080726,-0.0474573,0.0150771,-0.07739718,0.08107317,0.06867524,-0.02029436,0.03025817,-0.07710126
0.09735844,-0.2459044,-0.2047818,-0.4196677,-0.2107474,0.1122398,-0.1080486,0.3242509,-0.1570979,-0.217065,-0.1023923,-0.1151809,0.05670139,-0.1069557,-0.04731881,0.01160665,-0.0761295,0.08538089,0.07008681,-0.01853295,0.03267507,-0.08245104
0.09102587,-0.2399436,-0.2036733,-0.4173533,-0.2133379,0.1131888,-0.1045893,0.325614,-0.157694,-0.2163349,-0.1037525,-0.11357,0.05501753,-0.1047625,-0.05112687,0.009520796,-0.07467967,0.08846437,0.06894498,-0.02014123,0.02775214,-0.08221414
0.08295764,-0.2334791,-0.1993531,-0.4132941,-0.216863,0.1172763,-0.09619199,0.3235469,-0.1663603,-0.2163461,-0.1026732,-0.1166038,0.05146147,-0.1023978,-0.0474599,0.006453328,-0.07235223,0.09386977,0.067386,-0.02242746,0.0218181,-0.08315808
0.07347178,-0.2266719,-0.1961904,-0.4134362,-0.2166316,0.1256023,-0.09474254,0.3250025,-0.1725897,-0.2152147,-0.1026645,-0.1178219,0.05233869,-0.1031186,-0.04646452,0.006257787,-0.06377763,0.0968012,0.06475852,-0.02175482,0.01603911,-0.08507525
0.06426415,-0.2338963,-0.2004691,-0.4148605,-0.2275985,0.1350026,-0.08253764,0.3238659,-0.1692778,-0.2224621,-0.1014295,-0.1164254,0.05313978,-0.09669957,-0.04780207,0.01026525,-0.06640851,0.09000734,0.06375915,-0.02269467,0.01849158,-0.08532572
0.05418985,-0.2352576,-0.1943247,-0.4130885,-0.2281025,0.1339207,-0.07806026,0.3307754,-0.1718352,-0.2241654,-0.1010159,-0.1098493,0.05158265,-0.09656587,-0.04471967,0.007662011,-0.06371152,0.09331843,0.06308351,-0.02506887,0.01756167,-0.08981398
0.06710476,-0.2454925,-0.1992211,-0.4052843,-0.2301699,0.1317106,-0.07670578,0.3314773,-0.1559089,-0.2214853,-0.09739216,-0.1166668,0.05117564,-0.09825972,-0.0365284,0.005406886,-0.06886002,0.08650405,0.06458925,-0.02525022,0.02737351,-0.08964757
0.07731356,-0.256706,-0.2036717,-0.4126743,-0.2276443,0.1312905,-0.07813642,0.3224,-0.1531522,-0.2187406,-0.0878355,-0.123012,0.0541128,-0.09521234,-0.03367533,0.01094147,-0.0675225,0.07726705,0.06157257,-0.02296385,0.03082333,-0.08579805
0.07619262,-0.2929038,-0.2093951,-0.4205948,-0.2221011,0.1162465,-0.0806436,0.3144325,-0.1537068,-0.2315461,-0.06929838,-0.1097063,0.05216026,-0.09059668,-0.02665449,0.01406582,-0.05816308,0.07406068,0.06198724,-0.02419858,0.04559743,-0.08457858
0.09257907,-0.304805,-0.1999167,-0.4219214,-0.2081941,0.1043607,-0.0863689,0.3049743,-0.1496028,-0.2226123,-0.06271363,-0.1075895,0.05106162,-0.08494963,-0.02199613,0.01461887,-0.05244586,0.06894144,0.06509379,-0.02510468,0.04960465,-0.08522934
0.09098938,-0.3595053,-0.2336811,-0.4094725,-0.2567373,0.1172798,-0.07005103,0.283051,-0.1310711,-0.2506691,-0.04692074,-0.1033374,0.04922585,-0.07416446,-0.003328537,0.02487562,-0.05703022,0.04331211,0.05555627,-0.02078714,0.06001,-0.07645017
0.1076966,-0.3689088,-0.2289589,-0.4162762,-0.2432964,0.1191538,-0.0706701,0.2823903,-0.129408,-0.245186,-0.03890783,-0.1083818,0.05168466,-0.07146088,0.002361727,0.02823029,-0.05565409,0.03462208,0.05190527,-0.02017747,0.07031442,-0.07860985
0.1210479,-0.3791151,-0.2202505,-0.4166454,-0.2356147,0.1178886,-0.07417197,0.2794403,-0.1298481,-0.2470905,-0.02986089,-0.1031009,0.05488632,-0.06783443,0.009952463,0.03593008,-0.0523492,0.02763282,0.04509686,-0.01984882,0.07445929,-0.07650947
0.1368646,-0.3843387,-0.2054886,-0.4201249,-0.2288754,0.1009472,-0.0710715,0.2715301,-0.1249771,-0.2484825,-0.02198131,-0.1070471,0.0591782,-0.06234632,0.01281438,0.04592326,-0.05159504,0.01663815,0.04222159,-0.0171461,0.08265325,-0.07685971
0.1402643,-0.4028252,-0.2158744,-0.4161421,-0.2290997,0.1096098,-0.0662345,0.2636169,-0.1178595,-0.2548259,-0.008210643,-0.1024243,0.05797514,-0.05299611,0.02479248,0.05238851,-0.04319694,0.01163392,0.03457299,-0.01893737,0.09117037,-0.07121462
0.1443719,-0.4306584,-0.2064668,-0.4279864,-0.2213131,0.1109481,-0.06800921,0.2598096,-0.1095512,-0.2586019,0.005932681,-0.1010143,0.05834328,-0.04124485,0.03927645,0.06005315,-0.03383403,-0.004839942,0.02699247,-0.01751396,0.1041797,-0.06800416
0.1488505,-0.4282484,-0.2003266,-0.4278084,-0.2084065,0.1058718,-0.07692873,0.2664282,-0.1124543,-0.2489698,0.005913237,-0.09921739,0.05645283,-0.04238607,0.03721279,0.0599624,-0.03110506,-0.01288049,0.02335107,-0.02053686,0.1114074,-0.06614053
0.1481665,-0.4212557,-0.1830955,-0.4406783,-0.1924682,0.1018496,-0.08165678,0.2616703,-0.1101654,-0.2358537,0.005729582,-0.1027495,0.05797889,-0.0410141,0.04052199,0.06122169,-0.02272048,-0.02059297,0.02334397,-0.01873628,0.110956,-0.06463858
0.152141,-0.4261933,-0.1725554,-0.4473009,-0.1855693,0.09757156,-0.08447041,0.2656198,-0.1050624,-0.2345039,0.005853482,-0.09986166,0.05791122,-0.04067231,0.04527365,0.06224411,-0.02039757,-0.02458398,0.02438033,-0.01910742,0.1151646,-0.06545506
0.1522188,-0.4439533,-0.17704,-0.4525771,-0.1801663,0.09525131,-0.084229,0.2518863,-0.09682432,-0.2395832,0.01495066,-0.09633341,0.05600825,-0.02946628,0.05493158,0.06702363,-0.01836339,-0.03160838,0.01445408,-0.01476818,0.1169118,-0.06078402
0.1497966,-0.449342,-0.1770114,-0.4441938,-0.1861802,0.09101468,-0.07919873,0.2408661,-0.09308633,-0.2393339,0.01462778,-0.0934788,0.05512848,-0.02601007,0.06400615,0.06884053,-0.01265728,-0.03823704,0.009999757,-0.009624065,0.1197805,-0.05616805
0.1499257,-0.4421748,-0.1581909,-0.4479449,-0.1764808,0.09241965,-0.08380974,0.2401812,-0.1050339,-0.2312425,0.01140831,-0.09090537,0.05310727,-0.03062837,0.06572726,0.06808256,-0.008741446,-0.04080298,0.005373085,-0.01088797,0.1216028,-0.05374082
0.134137,-0.4450264,-0.1557307,-0.4492294,-0.1777813,0.09370277,-0.08916759,0.2333642,-0.09569448,-0.2243035,0.008054293,-0.08641088,0.05609643,-0.02528329,0.08156935,0.0655015,-0.005011776,-0.05199829,-0.0006099123,-0.00694032,0.118797,-0.04629499
0.1190446,-0.4400384,-0.1413397,-0.463342,-0.1707842,0.09260602,-0.08934525,0.23186,-0.10505,-0.2155908,0.001553769,-0.08352813,0.05961876,-0.02910113,0.08204082,0.06866809,0.0009941045,-0.05506377,-0.0007443714,-0.004829028,0.1213209,-0.04368101
0.1077466,-0.4354054,-0.1322364,-0.4692902,-0.1657959,0.08919259,-0.08560487,0.2261487,-0.1073973,-0.2108293,-0.01397801,-0.07781766,0.06759229,-0.029096,0.08633154,0.0640623,0.001712505,-0.06129958,0.001469538,-0.002205558,0.1196302,-0.04310231
0.09287915,-0.4430287,-0.1258162,-0.4707044,-0.1646315,0.08012553,-0.0824929,0.2194259,-0.09559748,-0.2059883,-0.01349571,-0.07257557,0.0656125,-0.02910166,0.09239269,0.06921258,0.004012282,-0.0691495,-0.004200509,-0.002050644,0.1216506,-0.03739394
0.08758336,-0.4324774,-0.1025263,-0.4755174,-0.1695838,0.07865879,-0.08886086,0.2138547,-0.1060045,-0.196864,-0.01700138,-0.07319491,0.06908274,-0.03404869,0.09318707,0.06162217,0.001024164,-0.07001328,-0.006175792,-0.002619753,0.1228135,-0.0371865
0.08615623,-0.4194905,-0.07972378,-0.4918722,-0.1620176,0.07113383,-0.09143502,0.2151186,-0.1157392,-0.1954802,-0.02040894,-0.06879858,0.07035074,-0.03873674,0.09306369,0.06877696,0.006673271,-0.07441276,-0.007668311,0.001871216,0.1222576,-0.04113285
0.0670589,-0.4323415,-0.07790004,-0.49359,-0.1660983,0.06166226,-0.08811751,0.2023073,-0.1088826,-0.2040775,-0.01260194,-0.06024674,0.05679565,-0.03903944,0.1033961,0.0784946,0.007264525,-0.07680381,-0.01187548,0.004044755,0.1251943,-0.03646699
0.05233383,-0.4217743,-0.07315934,-0.4977147,-0.1779072,0.06375527,-0.08028588,0.1931911,-0.1068864,-0.1959898,-0.01961242,-0.06418562,0.05940263,-0.03710064,0.110096,0.07894898,0.007780739,-0.07985955,-0.01266028,0.007575416,0.1293388,-0.03680925
0.05098702,-0.4394411,-0.08000075,-0.496034,-0.1790023,0.06191568,-0.07702747,0.1963726,-0.1195426,-0.1934759,-0.02116063,-0.06182611,0.0515931,-0.04136569,0.1039036,0.08159371,0.00733192,-0.08112392,-0.01311535,0.01229682,0.1225534,-0.03654437
0.05009898,-0.4439268,-0.07271603,-0.5032923,-0.1691933,0.06197676,-0.06802234,0.2030738,-0.1285696,-0.1850584,-0.02499751,-0.06690045,0.05702002,-0.04052624,0.09441108,0.07958908,0.008427555,-0.08587921,-0.0133008,0.009326463,0.1242962,-0.03386904
0.05262087,-0.4650529,-0.07650934,-0.5100569,-0.1508818,0.05965833,-0.06705948,0.21958,-0.1331204,-0.1834669,-0.02445972,-0.06046562,0.06616418,-0.03408869,0.089601,0.0740727,0.008224743,-0.08265007,-0.01698373,0.01055089,0.1203685,-0.03575828
0.05324103,-0.4987825,-0.08748599,-0.5097449,-0.168118,0.05443892,-0.04612468,0.218673,-0.1283212,-0.1961195,-0.01950105,-0.06378822,0.06862307,-0.03326929,0.08649984,0.08488206,0.007304343,-0.08664882,-0.02450211,0.02344248,0.1197185,-0.03365864
0.04525301,-0.5112101,-0.09282619,-0.5105377,-0.1696795,0.0537948,-0.04217252,0.2200273,-0.1367011,-0.1834508,-0.01746622,-0.06506212,0.06426731,-0.03429492,0.07999568,0.08767506,0.01137571,-0.09148154,-0.02171586,0.02365071,0.1219208,-0.03931933
0.04921525,-0.5326836,-0.09687223,-0.5167411,-0.1663592,0.05348264,-0.03649789,0.2291885,-0.1399805,-0.1708753,-0.01656286,-0.07107419,0.06348213,-0.02831422,0.06880107,0.09206223,0.01079827,-0.09157678,-0.0257534,0.0280243,0.1131805,-0.03651354
0.03822507,-0.5428841,-0.100351,-0.5133588,-0.184234,0.05489555,-0.02856594,0.2280498,-0.1431028,-0.1700854,-0.02672869,-0.0687313,0.06317278,-0.0321627,0.06871136,0.09495425,0.0115056,-0.09507761,-0.02263571,0.03712837,0.1108668,-0.03620727
0.03118327,-0.5577509,-0.1093145,-0.5142822,-0.1889587,0.05614806,-0.01488573,0.2272285,-0.1466995,-0.1704111,-0.02306618,-0.06516128,0.05837451,-0.03224171,0.06797644,0.09785637,0.01374925,-0.09070032,-0.0245764,0.03669502,0.1063198,-0.039509
0.03063694,-0.5697753,-0.1122749,-0.5159934,-0.1919933,0.06255711,-0.003032301,0.2401108,-0.1537435,-0.1682141,-0.02888972,-0.06431997,0.05813087,-0.03080883,0.06235499,0.09441233,0.01233087,-0.08676902,-0.02797189,0.04023812,0.1018095,-0.04202053
0.0325445,-0.5889171,-0.1153446,-0.5140437,-0.1976272,0.06889698,0.0143117,0.2423062,-0.1484889,-0.1698271,-0.03327621,-0.06535954,0.05667032,-0.02565099,0.06289195,0.09870199,0.01295856,-0.08917015,-0.03442866,0.04178625,0.09654695,-0.03454984
0.02928314,-0.6104625,-0.1212172,-0.5195857,-0.1983693,0.0725785,0.02851587,0.2363777,-0.153025,-0.171105,-0.02860977,-0.06586323,0.05871261,-0.019511,0.06268975,0.09655046,0.01094037,-0.08580941,-0.03694838,0.04198327,0.09589573,-0.03430662
0.02327645,-0.6194443,-0.118452,-0.5209336,-0.1981528,0.06747238,0.02923702,0.2340057,-0.1551425,-0.1624778,-0.031912,-0.06452877,0.05623274,-0.02012952,0.06243372,0.0929811,0.01660737,-0.08207458,-0.03448635,0.04615683,0.09127724,-0.03305689
0.01948875,-0.6276786,-0.1198658,-0.5197768,-0.1997672,0.06636903,0.03408955,0.2343715,-0.1553832,-0.159345,-0.03277947,-0.06630153,0.057243,-0.01977774,0.06142787,0.09374254,0.01761485,-0.08158689,-0.03542253,0.04780056,0.08730955,-0.03004297
0.01283565,-0.6356778,-0.114168,-0.5245485,-0.2072921,0.06149527,0.03593987,0.2334954,-0.1650692,-0.1520807,-0.02949877,-0.06695244,0.05626452,-0.01782405,0.059267,0.0952056,0.01860802,-0.08243308,-0.04268546,0.05001503,0.07774609,-0.02977561
0.01109306,-0.6254684,-0.0920045,-0.5192326,-0.1904234,0.04715761,0.02997187,0.2372876,-0.1659362,-0.1364737,-0.03811515,-0.06397838,0.05471514,-0.02832845,0.05136039,0.08716542,0.02444454,-0.07165653,-0.03874992,0.05013827,0.06878201,-0.02728034
0.000653257,-0.6273933,-0.08612379,-0.5178831,-0.1950283,0.0402081,0.0331953,0.2371359,-0.1649201,-0.1329823,-0.03590314,-0.06254727,0.05394273,-0.02817684,0.05194321,0.08485713,0.02843762,-0.06918354,-0.04241563,0.04884635,0.06443184,-0.02500114
-0.01791402,-0.6587926,-0.09385577,-0.5111342,-0.2166787,0.03509745,0.04081792,0.2220551,-0.1553401,-0.1349721,-0.03079891,-0.06156439,0.04964958,-0.02867232,0.04913857,0.07854723,0.02327027,-0.06185281,-0.04721071,0.0498835,0.05565782,-0.01585702
-0.0369213,-0.6429918,-0.07602108,-0.50297,-0.2346043,0.04168794,0.03433692,0.2107251,-0.1539657,-0.1297744,-0.03559529,-0.06658991,0.04544764,-0.03091034,0.05491677,0.07483169,0.02926714,-0.06141722,-0.049794,0.04673362,0.04523684,-0.01498279
-0.06777238,-0.665749,-0.07887429,-0.4991744,-0.2582088,0.03873349,0.03475009,0.1924514,-0.1411711,-0.1387306,-0.03217402,-0.05996577,0.04203997,-0.03107195,0.0569372,0.07562267,0.03185554,-0.05987658,-0.05340573,0.04587558,0.04196329,-0.01078153
-0.07776859,-0.6672657,-0.0705859,-0.4994861,-0.2629324,0.038013,0.02942915,0.1897545,-0.1438655,-0.1380674,-0.02781356,-0.06048593,0.03951653,-0.03336326,0.05860451,0.07331,0.03884132,-0.05668659,-0.0579238,0.04578917,0.03692585,-0.009167658
-0.08376042,-0.6648218,-0.0675163,-0.5010146,-0.2598428,0.03253732,0.02317438,0.1805178,-0.1493547,-0.1484536,-0.01701078,-0.0594529,0.03581166,-0.03239398,0.05916097,0.07529267,0.0435858,-0.05319288,-0.06055533,0.04248713,0.02970565,-0.008461385
-0.09315402,-0.6675194,-0.05768676,-0.4874206,-0.2728139,0.02719662,0.02851281,0.167469,-0.1368953,-0.1388557,-0.02177454,-0.059198,0.03026121,-0.03823797,0.05964777,0.07057011,0.04574492,-0.04795207,-0.06537143,0.03896036,0.01785905,-0.006157529
-0.1062028,-0.6787817,-0.05480035,-0.4924436,-0.3005302,0.0415103,0.04619674,0.1602622,-0.1322159,-0.1669171,-0.004972633,-0.07158116,0.03350299,-0.03113199,0.0640354,0.07188608,0.04877963,-0.03714018,-0.07736848,0.03565699,0.01434415,0.002470925
-0.1168805,-0.6721846,-0.02054761,-0.4799483,-0.2879421,0.02486843,0.0374105,0.1522152,-0.1219625,-0.156826,-0.009759189,-0.05672504,0.02698159,-0.04176308,0.06453044,0.06535137,0.06004958,-0.02989899,-0.07516857,0.02770923,0.003949954,-0.002272114
-0.1180824,-0.6858676,-0.02634331,-0.4844832,-0.2731809,0.01533219,0.04518531,0.1507245,-0.1145825,-0.1570712,-0.003833055,-0.05674135,0.02856313,-0.03814811,0.06218468,0.0631609,0.06196126,-0.02584993,-0.07348587,0.02522594,0.005498134,0.00305995
-0.1148762,-0.6884219,-0.03218753,-0.480791,-0.2623998,0.01395171,0.04645109,0.1495685,-0.1116169,-0.1562811,-0.003133409,-0.05436702,0.02472136,-0.03934413,0.06949677,0.06083796,0.06329302,-0.02331168,-0.07626802,0.02626184,0.004894299,-0.00101632
-0.1141783,-0.7055858,-0.0382023,-0.4840592,-0.2516221,0.01229603,0.04941941,0.148967,-0.1152236,-0.1598079,0.003503441,-0.05331518,0.02649695,-0.04044844,0.06388168,0.06065087,0.06107365,-0.02280906,-0.07927246,0.02742239,0.008934193,0.004432883
-0.1170781,-0.716795,-0.04425776,-0.4873827,-0.246855,0.006611936,0.05115826,0.1469438,-0.1154561,-0.1487073,0.006534292,-0.05218472,0.02554587,-0.04113624,0.05963759,0.05819203,0.06279776,-0.02093202,-0.07658152,0.02908469,0.01084351,0.004647803
-0.1072072,-0.7200035,-0.03316668,-0.4960193,-0.2295369,-0.006573824,0.05522141,0.1460595,-0.1157173,-0.1366577,0.008571748,-0.05220449,0.027714,-0.04318279,0.0573311,0.05634322,0.06552082,-0.01729342,-0.07742637,0.03212077,0.01084543,-0.0006698584
-0.117011,-0.743192,-0.04737453,-0.4978407,-0.2526885,0.005906858,0.0640639,0.1356144,-0.1017438,-0.1447619,0.01760607,-0.05383416,0.03094237,-0.03798918,0.05945551,0.05498744,0.07061402,-0.01261875,-0.084804,0.03439192,0.01388816,0.002184348
-0.1227774,-0.745835,-0.04744442,-0.5029671,-0.2537588,0.004872495,0.06268757,0.1346452,-0.1010639,-0.1393416,0.0195879,-0.05412135,0.0293647,-0.03801053,0.05749426,0.05282147,0.07031827,-0.01023925,-0.08590765,0.03419385,0.01394104,0.001091036
-0.1386555,-0.7553223,-0.05186773,-0.4965537,-0.261458,0.006996636,0.05824615,0.1299071,-0.09724232,-0.1282697,0.01874373,-0.05098308,0.02432576,-0.04246501,0.05636814,0.04985138,0.07155433,-0.01169966,-0.08651847,0.03392404,0.01703931,0.004100654
-0.1415259,-0.7552264,-0.05401664,-0.490856,-0.2552675,0.006075761,0.06012974,0.1280315,-0.09579325,-0.1284416,0.02042056,-0.04667923,0.01980933,-0.04709214,0.05412252,0.04309208,0.07261585,-0.00410019,-0.08671639,0.03027513,0.02026881,0.003068066
-0.126701,-0.7585165,-0.0542261,-0.5057576,-0.237125,-0.006125199,0.05485563,0.1344929,-0.1053545,-0.1166278,0.02523134,-0.05007346,0.02537221,-0.04982894,0.05108457,0.04500395,0.06989604,-0.008925346,-0.08563382,0.04003846,0.01894781,-0.005690426
-0.1183688,-0.7700877,-0.04843108,-0.5121653,-0.2379663,-0.009583195,0.07557184,0.1197078,-0.09233683,-0.1057055,0.03182364,-0.06014539,0.03044794,-0.04623454,0.05407351,0.05129768,0.07304823,6.540492e-05,-0.08589259,0.04668848,0.0218507,-0.003623642
-0.1213032,-0.7823875,-0.04811846,-0.5150673,-0.2301009,-0.01191726,0.08170182,0.1199284,-0.08450424,-0.1047546,0.03621534,-0.05807643,0.03311674,-0.04873211,0.0513351,0.05034724,0.07524971,0.007335939,-0.08892462,0.0450236,0.02842203,-0.0002946244
-0.1168188,-0.7893727,-0.04376372,-0.5147094,-0.2279504,-0.01837,0.08462737,0.1159244,-0.08357594,-0.1005444,0.0418015,-0.05806542,0.03394543,-0.05492369,0.05068667,0.04984932,0.07534514,0.01003036,-0.09140409,0.04696846,0.02890184,-0.006344137
-0.1206337,-0.7937595,-0.0426984,-0.5159681,-0.2224007,-0.02230979,0.08538693,0.1086187,-0.08293971,-0.09749953,0.04527457,-0.05671332,0.03219067,-0.05751108,0.05191749,0.04927835,0.07635463,0.01200679,-0.09312715,0.04772244,0.03104477,-0.00895452
-0.1214006,-0.7978005,-0.0383061,-0.5188828,-0.2210386,-0.02198179,0.08871734,0.1070982,-0.08274319,-0.09500157,0.04959432,-0.05710259,0.03417688,-0.05924884,0.04637814,0.04721956,0.07518419,0.01318042,-0.09487673,0.04606352,0.03306088,-0.01077994
-0.1228274,-0.8063378,-0.03564962,-0.5167429,-0.2154688,-0.03133735,0.08356375,0.1019675,-0.08351933,-0.09372988,0.05488786,-0.04832597,0.03270866,-0.06274131,0.04514955,0.04786122,0.07774578,0.01414704,-0.09256684,0.04916209,0.03748342,-0.01579673
-0.1211304,-0.7922638,-0.02225628,-0.5212662,-0.1955817,-0.05159584,0.09363022,0.09314866,-0.08182907,-0.1027859,0.05426569,-0.04704833,0.03208363,-0.05709834,0.04244654,0.05189091,0.0768208,0.02513848,-0.0845907,0.04640628,0.03944815,-0.01881753
-0.1174639,-0.7920087,-0.01904332,-0.5265625,-0.1788361,-0.06136148,0.1033645,0.08692313,-0.0779697,-0.1027949,0.05916868,-0.04459172,0.03142579,-0.05965361,0.0365009,0.04716345,0.0811797,0.03858155,-0.08589842,0.03874579,0.0435726,-0.01936318
-0.1200832,-0.7948049,-0.02113585,-0.5236308,-0.1724026,-0.06216629,0.1073999,0.08822946,-0.07641526,-0.100719,0.06049943,-0.04149518,0.03222548,-0.06283176,0.03701365,0.0456253,0.08237699,0.04246496,-0.09254601,0.03844296,0.0425022,-0.01846333
-0.1193741,-0.7950451,-0.01211011,-0.5333567,-0.1661178,-0.06619681,0.09965389,0.0888164,-0.07827357,-0.08038031,0.0615378,-0.04277458,0.03663079,-0.07015681,0.03292774,0.04282348,0.08382129,0.04139102,-0.08981434,0.04182926,0.04244265,-0.02432647
-0.123987,-0.7996468,-0.01200571,-0.5288108,-0.1585585,-0.06726801,0.1044381,0.08175379,-0.07320737,-0.07372235,0.06444336,-0.0407386,0.0368239,-0.07316732,0.0339395,0.03856817,0.08672201,0.04543074,-0.09204641,0.03946668,0.04309403,-0.02321515
-0.1259533,-0.8078502,-0.0135866,-0.5314439,-0.1493407,-0.0714638,0.1071704,0.0793379,-0.07078069,-0.06841484,0.0698426,-0.03666199,0.03553068,-0.07413132,0.02998538,0.03342726,0.09006765,0.05134553,-0.09719736,0.0361581,0.04590743,-0.02000607
-0.1264551,-0.8101967,-0.006695516,-0.5339703,-0.138735,-0.07767596,0.1108734,0.07728768,-0.06770857,-0.06514411,0.07586735,-0.03412902,0.03732373,-0.07473791,0.02624423,0.02917297,0.09580006,0.05869982,-0.09955028,0.03184091,0.04842288,-0.01915595
-0.1304373,-0.8023844,-0.006747834,-0.531429,-0.1375181,-0.08293107,0.1071788,0.07498231,-0.06523103,-0.0603104,0.07648099,-0.03289414,0.03825482,-0.07625095,0.02526942,0.02556116,0.102811,0.06089839,-0.09837705,0.03132571,0.0505726,-0.02225609
-0.1291259,-0.8196597,-0.01100381,-0.5309745,-0.133718,-0.08238844,0.1135138,0.07952433,-0.06622265,-0.04910573,0.07725706,-0.03254222,0.03932929,-0.07398111,0.01896137,0.02486137,0.09981685,0.06153411,-0.09635842,0.03411175,0.05276209,-0.02100773
-0.1284033,-0.8276761,-0.01170187,-0.5328487,-0.118753,-0.09334143,0.1203179,0.07456306,-0.06355134,-0.04642786,0.07761475,-0.03114603,0.04089841,-0.07057721,0.0109039,0.02549145,0.09797277,0.06469277,-0.08899089,0.03302629,0.05978644,-0.01958303
-0.1313414,-0.8350968,-0.02566074,-0.5241514,-0.09851536,-0.09532183,0.1287925,0.06677923,-0.05983365,-0.03938819,0.08408212,-0.03062831,0.04084173,-0.07068851,0.004168717,0.02217845,0.100018,0.07301012,-0.08962051,0.02719078,0.06280714,-0.01682991
-0.1312796,-0.8592901,-0.03708045,-0.5226584,-0.08692324,-0.09926834,0.135772,0.07315728,-0.05046553,-0.02845224,0.08921614,-0.02250012,0.0418626,-0.06952756,-0.004351869,0.01851341,0.1069554,0.07834677,-0.08801598,0.02751885,0.07036972,-0.01788083
-0.1376118,-0.8466027,-0.03428376,-0.5195227,-0.05983088,-0.1121661,0.1480626,0.06145753,-0.04835005,-0.01951752,0.07847932,-0.02058279,0.03308237,-0.0689085,-0.007372415,0.01705121,0.1075057,0.09110539,-0.07745857,0.01988069,0.07406386,-0.01956502
-0.1357913,-0.8567446,-0.03895008,-0.5151129,-0.04479334,-0.1195272,0.1580858,0.06182331,-0.04625791,-0.02193909,0.08354911,-0.01118614,0.03494547,-0.06926046,-0.01005308,0.01478885,0.1138873,0.09610673,-0.07854676,0.01547788,0.0822636,-0.0169377
-0.1341871,-0.862164,-0.04387848,-0.5156662,-0.03588679,-0.1204572,0.1580877,0.06304485,-0.04911809,-0.01491019,0.08728894,-0.008424726,0.0330957,-0.06945985,-0.01164475,0.01320628,0.1171653,0.09531504,-0.08058378,0.01425949,0.0851737,-0.02032553
-0.1401668,-0.8660027,-0.04740961,-0.5148306,-0.02629815,-0.1218011,0.1641745,0.06168373,-0.04936157,-0.005562654,0.08851463,-0.007274188,0.03320402,-0.06765015,-0.01639559,0.01127385,0.1188207,0.0985747,-0.0773039,0.01145501,0.09036811,-0.02159248
-0.1440724,-0.8666162,-0.04778756,-0.5210286,-0.02056582,-0.1231221,0.162819,0.0610068,-0.04626169,0.004599875,0.08853647,-0.00889045,0.03389064,-0.06877268,-0.02118176,0.01034319,0.1181771,0.09721664,-0.07743245,0.009129952,0.09462547,-0.02252713
-0.1442477,-0.8654945,-0.05219865,-0.5215075,-0.009942506,-0.123792,0.1688195,0.06247571,-0.04425701,0.01669161,0.08754166,-0.007622219,0.03454843,-0.06772622,-0.02554229,0.009821459,0.1187136,0.1012212,-0.07459039,0.005485158,0.09771789,-0.02261064
-0.1490165,-0.8720379,-0.05574991,-0.5221711,0.00241239,-0.1276702,0.1741434,0.06197331,-0.04296026,0.02249408,0.09216005,-0.00307628,0.03492393,-0.06594954,-0.03090172,0.004713354,0.1227556,0.1052223,-0.07218061,-0.0003544223,0.1051566,-0.0213999
-0.1534807,-0.861158,-0.046837,-0.5274555,0.02165754,-0.1353217,0.1802004,0.0583851,-0.04387142,0.03147939,0.08867073,-0.002544501,0.03135782,-0.06112289,-0.03356083,0.0004949546,0.124819,0.108217,-0.06723642,-0.007049148,0.1108613,-0.02152274
-0.135864,-0.8245738,-0.01452093,-0.5476871,0.08591809,-0.1630359,0.1947502,0.07532232,-0.05275121,0.04949634,0.08351296,0.00451426,0.03634294,-0.06212528,-0.03514309,0.0003736248,0.1317584,0.1173043,-0.06611832,-0.01418386,0.1154226,-0.02588329
-0.1463453,-0.819668,-0.01762909,-0.5465922,0.09724183,-0.1692013,0.2044132,0.0750121,-0.05264412,0.05797616,0.08838192,0.00210654,0.03806144,-0.05967906,-0.03570057,-0.002557259,0.1363638,0.1169029,-0.06289955,-0.01670196,0.1165497,-0.02614413
-0.1502834,-0.8091342,-0.01867747,-0.5529336,0.1038472,-0.1654693,0.1977669,0.07460903,-0.05866986,0.06637746,0.09050187,-0.0002281327,0.03879043,-0.06223653,-0.03633485,-0.002606857,0.133926,0.1126542,-0.05979762,-0.01743763,0.1178688,-0.03059635
-0.1573026,-0.7938261,-0.02317292,-0.5501422,0.1093126,-0.1660159,0.1993238,0.07070273,-0.06147463,0.06680399,0.09477788,-0.002242699,0.03733863,-0.06185006,-0.03795067,-0.003311212,0.1359661,0.1124594,-0.05863823,-0.02223282,0.117768,-0.03148013
-0.1569807,-0.7867367,-0.02926748,-0.5411677,0.1176155,-0.1676802,0.2004633,0.0658296,-0.07054744,0.06777439,0.09662444,0.0008326576,0.0337667,-0.06319536,-0.03704311,-0.003567075,0.1416021,0.1121371,-0.05930069,-0.02458297,0.1173459,-0.03090026
-0.1672562,-0.7795655,-0.02488174,-0.5460467,0.1237445,-0.1680344,0.1993833,0.06539685,-0.07816532,0.07859681,0.1001905,-0.001009644,0.03376279,-0.07010421,-0.03586544,-0.004182758,0.1432557,0.1092608,-0.06043965,-0.0250849,0.1155123,-0.02998528
-0.1755194,-0.7600684,-0.03073646,-0.5479704,0.1252015,-0.1659855,0.2006123,0.05915743,-0.08179975,0.0904031,0.09595689,-0.006018797,0.02523626,-0.06964823,-0.0399216,-0.006075169,0.1427316,0.1106601,-0.05526516,-0.02913214,0.1130524,-0.02933014
-0.1772472,-0.7564929,-0.03645931,-0.5482721,0.1341793,-0.1647926,0.2046201,0.06211767,-0.08691603,0.09223447,0.09884246,-0.003135347,0.02188965,-0.06975564,-0.03964937,-0.005450372,0.1430684,0.1113288,-0.05898048,-0.03298491,0.1131128,-0.02712611
-0.180834,-0.7401732,-0.03549312,-0.5424213,0.1468907,-0.1670367,0.1978402,0.0690659,-0.08558311,0.1000051,0.103589,-0.007958304,0.02582877,-0.0743814,-0.04221521,-0.006597166,0.137843,0.1027972,-0.0571018,-0.0330716,0.1076225,-0.03179951
-0.1759378,-0.7228987,-0.02804619,-0.5550917,0.160347,-0.1695892,0.2006272,0.06908844,-0.09370419,0.1011773,0.102431,-0.00856996,0.02594224,-0.07130571,-0.04336355,-0.004668381,0.1350195,0.101742,-0.05647147,-0.0366643,0.1083274,-0.03485863
-0.1820082,-0.7060837,-0.02225778,-0.5555261,0.1588413,-0.1657665,0.2032771,0.07207423,-0.08881628,0.112182,0.09805828,-0.01659123,0.02685955,-0.0744171,-0.0438221,-0.006110532,0.1347481,0.0954775,-0.05583635,-0.03726884,0.1049924,-0.03571027
-0.2088318,-0.6701239,-0.01577824,-0.5472177,0.1456217,-0.1655579,0.1960345,0.04882829,-0.09175452,0.1186209,0.09747678,-0.02566423,0.01902253,-0.08092336,-0.04159613,-0.01433197,0.1374125,0.09434432,-0.04714426,-0.04363513,0.1049978,-0.04309988
-0.2131105,-0.6787508,-0.03315264,-0.5380132,0.1578023,-0.156299,0.1981567,0.04984473,-0.08832577,0.1123422,0.1010596,-0.02224679,0.01719612,-0.07636323,-0.04135492,-0.01510755,0.1417727,0.1034626,-0.05115472,-0.04686676,0.1038442,-0.03425739
-0.2138879,-0.6799784,-0.04293963,-0.5386472,0.1631671,-0.1590883,0.2027793,0.04665225,-0.08757847,0.1093952,0.1046219,-0.02252673,0.01697954,-0.072942,-0.04127349,-0.01426039,0.1429136,0.1097215,-0.04929594,-0.0482938,0.104179,-0.03395615
-0.2303347,-0.6828415,-0.05650436,-0.5297366,0.1593916,-0.1563074,0.1992414,0.03605125,-0.08616823,0.1085427,0.1119074,-0.0222311,0.01305305,-0.07330475,-0.04437788,-0.01889698,0.146464,0.1108547,-0.04975808,-0.05382982,0.1021908,-0.02619183
-0.2336201,-0.687917,-0.07083272,-0.5338768,0.1604877,-0.1557698,0.2020191,0.04051844,-0.07431532,0.1148265,0.1181753,-0.02287134,0.0199502,-0.07674906,-0.04261542,-0.01970746,0.1501831,0.1108272,-0.05374435,-0.05268994,0.1024767,-0.02577976
-0.2358453,-0.6751738,-0.0808877,-0.5377738,0.1728908,-0.1543809,0.2041698,0.03792984,-0.07008529,0.1061805,0.1248627,-0.02361833,0.02216254,-0.07295777,-0.04017964,-0.02202262,0.1534448,0.1112955,-0.05712822,-0.05615231,0.1026058,-0.02243436
-0.2405107,-0.6757595,-0.07768726,-0.53986,0.1836603,-0.1615201,0.2182406,0.04097322,-0.06083106,0.09205168,0.1301548,-0.01908669,0.02502061,-0.07169068,-0.03807168,-0.01909802,0.1587042,0.1253371,-0.05853473,-0.06193566,0.110791,-0.02358265
-0.2446019,-0.6747844,-0.08764894,-0.5413433,0.1883554,-0.1582524,0.2172683,0.04030061,-0.05824052,0.08989745,0.1340656,-0.01789064,0.02486251,-0.06979703,-0.03758423,-0.01942209,0.1623624,0.1275112,-0.06203729,-0.06322104,0.1092046,-0.02110414
-0.2458362,-0.6766374,-0.09987641,-0.5428509,0.1942058,-0.1533049,0.2161346,0.04090052,-0.05502495,0.09040374,0.1384501,-0.01860555,0.02606896,-0.06804631,-0.03763785,-0.02144406,0.1641621,0.1293152,-0.06618557,-0.06281224,0.1078205,-0.01812295
-0.254629,-0.6667213,-0.1045892,-0.5470839,0.1931494,-0.1478508,0.2097273,0.03920229,-0.04729134,0.09729893,0.1418041,-0.02365235,0.02878231,-0.06843361,-0.04075962,-0.0216392,0.1675595,0.12831,-0.06759856,-0.06478063,0.1046253,-0.01812531
-0.2601463,-0.6791089,-0.1206121,-0.5470746,0.1980571,-0.1493648,0.2138985,0.04401851,-0.03926494,0.09610329,0.1492631,-0.02221178,0.02929903,-0.06498946,-0.03944333,-0.02203743,0.1695132,0.1305435,-0.06933528,-0.06468759,0.1071655,-0.01457774
-0.2649578,-0.67461,-0.1268495,-0.5573782,0.1994419,-0.1479674,0.2142702,0.04079536,-0.0363554,0.09676967,0.1548273,-0.02848354,0.0324796,-0.06383403,-0.03965136,-0.02083094,0.1717493,0.132438,-0.07154853,-0.06386679,0.1025706,-0.01275804
-0.2691531,-0.6822541,-0.1429709,-0.5662131,0.2049514,-0.1440639,0.21086,0.0411526,-0.03768396,0.1029816,0.1634037,-0.03358883,0.03411528,-0.06028985,-0.0414795,-0.02000789,0.1724718,0.1332784,-0.0783489,-0.06144661,0.09924915,-0.008736886
-0.273026,-0.672312,-0.1508696,-0.575041,0.2111881,-0.1464989,0.2111106,0.04084103,-0.03571553,0.103496,0.1646596,-0.03629901,0.0324947,-0.0583891,-0.04198453,-0.01754816,0.1726303,0.1351346,-0.07923811,-0.0627485,0.09883425,-0.006428106
-0.2858706,-0.65626,-0.1501101,-0.5752235,0.2118873,-0.1488109,0.2176295,0.0333772,-0.02812609,0.09823426,0.1670445,-0.03411926,0.03801249,-0.05764594,-0.03924177,-0.01977534,0.1814464,0.1402913,-0.08184466,-0.06657707,0.09666089,-0.002649313
-0.296377,-0.6425764,-0.1556057,-0.5669153,0.2123952,-0.1409638,0.2223483,0.02985818,-0.01839768,0.1012177,0.1612185,-0.0330969,0.03174528,-0.05840549,-0.03839926,-0.02462754,0.1830276,0.1448064,-0.07571902,-0.07079681,0.0948445,-0.003949371
-0.3132272,-0.6739392,-0.1943899,-0.5395302,0.151163,-0.1006607,0.225005,0.01510996,0.00435733,0.08800214,0.1644356,-0.03322465,0.02638435,-0.06282698,-0.03018829,-0.02962188,0.1843025,0.1457981,-0.08673003,-0.07212055,0.09431013,0.001806082
-0.3157403,-0.6724771,-0.1916239,-0.5319825,0.1488915,-0.09477916,0.2375757,0.01875981,0.02102387,0.1019423,0.1590576,-0.03446519,0.02631119,-0.06323829,-0.0310741,-0.03209196,0.1849206,0.1497494,-0.08478551,-0.07629377,0.09055976,0.003787539
-0.3212872,-0.6831166,-0.1913156,-0.5338437,0.1384048,-0.08623376,0.2483144,0.01093857,0.0265453,0.1000898,0.164778,-0.0341819,0.02897833,-0.06168474,-0.03292552,-0.03541098,0.188538,0.1545208,-0.0907746,-0.07815164,0.09006581,0.00694517
-0.319659,-0.6874071,-0.1971312,-0.5254925,0.1410831,-0.08674735,0.2384001,0.003346684,0.002110286,0.08820205,0.1734329,-0.02655509,0.02672244,-0.06306146,-0.0293119,-0.03888903,0.1915394,0.1573538,-0.09237903,-0.07649249,0.09014273,0.007493807
-0.3144118,-0.6918278,-0.1998103,-0.528978,0.1439392,-0.08313639,0.2365294,0.01122392,0.001345373,0.1013859,0.1693565,-0.02604231,0.02844962,-0.06501629,-0.0283032,-0.04306585,0.1905235,0.1578813,-0.09410419,-0.07271721,0.08777372,0.003820309
-0.3139578,-0.6838341,-0.188625,-0.5295146,0.1472441,-0.08308888,0.2517661,0.005431846,0.009834236,0.09675524,0.1666094,-0.02742676,0.03059931,-0.05963461,-0.0274401,-0.04161755,0.1843053,0.1662378,-0.09638741,-0.07925125,0.08869514,0.001312006
-0.310477,-0.6773027,-0.1886495,-0.5253065,0.1619727,-0.08893504,0.264526,-0.001434042,0.009354647,0.0915155,0.1669802,-0.02323651,0.02488443,-0.06512358,-0.01986952,-0.03867794,0.1797794,0.1740694,-0.1000649,-0.08340523,0.09176061,0.0006153992
-0.3127964,-0.6688573,-0.1898647,-0.5218235,0.1544811,-0.08155608,0.2661501,-0.002840688,0.009867843,0.09553791,0.1683233,-0.02581287,0.02394439,-0.06546054,-0.0220105,-0.04059299,0.1829104,0.1761132,-0.09937477,-0.08523458,0.08740211,9.189981e-06
-0.3123988,-0.663675,-0.1848499,-0.5199757,0.1446414,-0.0716383,0.2770794,0.004639978,0.03024562,0.1084214,0.1591169,-0.02665965,0.02162796,-0.06662646,-0.02592169,-0.04235442,0.1826276,0.1799395,-0.09897357,-0.08948326,0.08491287,-0.0004860371
-0.2865972,-0.6361179,-0.1684099,-0.5505074,0.2095356,-0.1081039,0.2707562,0.01522952,-0.0185931,0.1135769,0.1622832,-0.01972499,0.02276354,-0.06739435,-0.02227733,-0.03833159,0.1850247,0.1823418,-0.09856308,-0.08399097,0.08747592,-0.006893157
-0.2978495,-0.6487541,-0.2138692,-0.5235735,0.1863235,-0.08961336,0.2691064,0.01402218,-0.02404599,0.1046497,0.1633173,-0.01286923,0.01530132,-0.06711856,-0.008729726,-0.0437024,0.186062,0.170899,-0.1074868,-0.0824106,0.08777121,-0.005524764
-0.299074,-0.6511849,-0.2180187,-0.5292706,0.1943758,-0.09544202,0.2905039,0.007071275,-0.02023393,0.107268,0.151325,-0.01193434,0.01444904,-0.05635216,-0.008954487,-0.04993347,0.182533,0.1800876,-0.1011969,-0.08518695,0.08702362,-0.00634353
-0.2995608,-0.6579285,-0.2481464,-0.5243659,0.1955775,-0.09108314,0.298507,0.008173714,-0.0290057,0.09254697,0.1666142,-0.01439858,0.007129361,-0.05926196,0.001779053,-0.04287975,0.1844007,0.179693,-0.1143618,-0.08415518,0.09114185,-0.006721387
-0.3047739,-0.658721,-0.2696383,-0.5139435,0.1883797,-0.08534683,0.2977466,0.00898943,-0.02863926,0.09695246,0.1687189,-0.01675113,0.0007689546,-0.07046112,0.00878096,-0.04763143,0.1846132,0.1739086,-0.1179943,-0.08211838,0.08956883,-0.00615486
-0.2785749,-0.6415679,-0.2498181,-0.5401912,0.2494835,-0.1167759,0.3059707,0.01891635,-0.04668797,0.09313238,0.1725164,-0.01216882,0.008391849,-0.0686008,0.004342972,-0.04010546,0.189472,0.1871836,-0.1142776,-0.08194115,0.08985554,-0.01465815
-0.2755621,-0.6408737,-0.2607495,-0.5416591,0.2563999,-0.1211863,0.3143702,0.02399949,-0.04850577,0.09016771,0.1746455,-0.008879122,0.01082032,-0.06947035,0.008004571,-0.04327717,0.1938767,0.1856833,-0.1179783,-0.07708774,0.09291384,-0.02263941
-0.2715643,-0.6422611,-0.2758113,-0.5437899,0.2606252,-0.1235326,0.310452,0.02536886,-0.053041,0.09774602,0.1739811,-0.01269869,0.005629656,-0.07296699,0.009015468,-0.04322125,0.1932068,0.1855783,-0.1159801,-0.07415127,0.08940091,-0.02853682
-0.2782726,-0.6563214,-0.3173474,-0.5258802,0.2335055,-0.1025536,0.312926,0.0237562,-0.0551302,0.09582123,0.175548,-0.01510514,0.0016342,-0.07428718,0.01352618,-0.04597771,0.1942173,0.1784341,-0.1195764,-0.07155627,0.08892027,-0.03272889
-0.2688287,-0.6548186,-0.3208089,-0.5224583,0.2438429,-0.1152352,0.3149303,0.02871642,-0.05862685,0.09260467,0.1755893,-0.01152355,0.0003417259,-0.08040853,0.01947292,-0.0439768,0.1925844,0.1797277,-0.1208061,-0.07075718,0.09047882,-0.03453064
-0.2525645,-0.6592708,-0.3198567,-0.5089149,0.246155,-0.121355,0.314829,0.02947948,-0.05270803,0.0842562,0.1732079,-0.003410218,-0.001525251,-0.08621773,0.02767205,-0.04891594,0.1874894,0.1769484,-0.1256602,-0.07001612,0.09522667,-0.03506729
-0.2388268,-0.6581444,-0.307174,-0.512403,0.2511549,-0.1238028,0.3112886,0.03474556,-0.06621991,0.09178793,0.1737803,-0.005697533,-0.005253788,-0.09056217,0.03187649,-0.04788269,0.1908374,0.1786799,-0.12998,-0.06963105,0.09371372,-0.03377721
-0.2275912,-0.6547238,-0.3041589,-0.5067919,0.2525653,-0.1237763,0.3152794,0.03867641,-0.06123812,0.09271155,0.1782458,-0.01069051,-0.0005516782,-0.09244984,0.03528955,-0.05073084,0.1925487,0.1742689,-0.1366421,-0.06917614,0.09526696,-0.03444796
-0.2024018,-0.6539956,-0.3089751,-0.4973097,0.2667136,-0.1314257,0.3102542,0.0376116,-0.06220858,0.08591863,0.185709,-0.01442955,-0.001189473,-0.09198653,0.03627178,-0.04927792,0.1898599,0.1734005,-0.1407483,-0.0688723,0.09413391,-0.03975119
-0.1924237,-0.6544278,-0.3158807,-0.4838228,0.2657348,-0.1389191,0.3130473,0.03271947,-0.06026647,0.07870218,0.1873991,-0.01112239,-0.003188342,-0.09406956,0.04008241,-0.0491548,0.187902,0.1716466,-0.1451774,-0.07002128,0.09427965,-0.03803335
-0.176405,-0.6549652,-0.3226357,-0.4677427,0.2578391,-0.1320513,0.3177829,0.02979126,-0.05908383,0.07425661,0.1863444,-0.01354174,-0.002731619,-0.09666515,0.04446426,-0.05027196,0.187037,0.1720888,-0.1462979,-0.06929969,0.09341637,-0.0392812
-0.1743862,-0.6535674,-0.3274195,-0.4511049,0.2394087,-0.12933,0.3153379,0.02351493,-0.05587649,0.07296855,0.1856406,-0.009682973,-0.006101365,-0.1046918,0.0485452,-0.05548184,0.1832442,0.168712,-0.1465168,-0.07415878,0.09162381,-0.03359826
-0.1573883,-0.6610997,-0.3359548,-0.432813,0.2308931,-0.1217666,0.31276,0.02484986,-0.0475017,0.06674536,0.1869534,-0.01229175,-0.001454505,-0.09956715,0.04823894,-0.05685697,0.1856973,0.1701013,-0.1453167,-0.07327978,0.09084368,-0.03580208
-0.1179349,-0.6482878,-0.3242743,-0.4320683,0.2528225,-0.143029,0.3126321,0.02482521,-0.04492682,0.06394828,0.1836443,-0.01032136,-0.004978396,-0.09889939,0.04380016,-0.05409054,0.1787914,0.168351,-0.1441289,-0.07678721,0.09531426,-0.03585145
-0.1133119,-0.6545568,-0.3417305,-0.4171947,0.2439862,-0.1455997,0.3202506,0.01462629,-0.04104321,0.05911324,0.1842325,-0.007656804,-0.01125512,-0.09235153,0.04647821,-0.0523486,0.1756111,0.1704856,-0.146452,-0.07898203,0.09050497,-0.03298131
-0.09825324,-0.6437127,-0.3455421,-0.4022365,0.2289739,-0.1386979,0.3141026,-0.0005491196,-0.04245311,0.05439262,0.1845856,-0.01216726,-0.01626707,-0.09597295,0.04514294,-0.05363487,0.1715874,0.1667998,-0.1476933,-0.08137032,0.08712298,-0.03464926
-0.07887598,-0.6339453,-0.3364173,-0.4012484,0.2462019,-0.1490978,0.300101,0.001775368,-0.05148778,0.05753691,0.1851581,-0.009418995,-0.02498879,-0.1006725,0.04750024,-0.05284504,0.1667161,0.1649613,-0.1485434,-0.08585265,0.08428613,-0.03097309
-0.0620629,-0.6312125,-0.3436915,-0.3854854,0.2363465,-0.1430895,0.3028548,-0.00153221,-0.04125137,0.05507215,0.1884327,-0.01215275,-0.01763988,-0.1020764,0.0477853,-0.05606482,0.1688534,0.1646653,-0.1478908,-0.08326945,0.08206853,-0.03735808
-0.04525552,-0.6346862,-0.3489852,-0.3771681,0.2345906,-0.1449653,0.3032362,-0.004152436,-0.03373294,0.05248175,0.1937286,-0.0142089,-0.01477674,-0.1008926,0.0451769,-0.056251,0.1665034,0.1634583,-0.1458716,-0.08571839,0.081004,-0.03672333
-0.03265498,-0.645493,-0.3688765,-0.3645653,0.2426481,-0.138268,0.3077326,-0.003949404,-0.04266334,0.05087939,0.1949304,-0.01308799,-0.02110614,-0.09604057,0.04629436,-0.04991442,0.1597801,0.167934,-0.1524903,-0.08523393,0.07592839,-0.03523232
-0.02860197,-0.6696064,-0.3827485,-0.3429408,0.2397983,-0.1347665,0.3284695,0.001555147,-0.03608882,0.04911744,0.2005668,-0.01280568,-0.01589734,-0.09494362,0.05342663,-0.04964082,0.155613,0.1657488,-0.1630103,-0.08639606,0.07468628,-0.03146565
-0.01725302,-0.6906751,-0.3835469,-0.3384965,0.2391419,-0.1293384,0.3361211,0.009549539,-0.03389564,0.05073525,0.2060969,-0.01480433,-0.01138569,-0.09271437,0.05757348,-0.04603009,0.151799,0.1637989,-0.1726097,-0.08653616,0.07275712,-0.02708202
-0.01488863,-0.7059582,-0.3973651,-0.3243228,0.209757,-0.1054873,0.3436749,0.008174828,-0.02148529,0.04543446,0.2076855,-0.01755771,-0.008412906,-0.09127163,0.06947687,-0.04615218,0.153134,0.1574901,-0.179491,-0.08383739,0.0707014,-0.02539378
-0.007857953,-0.7177911,-0.4087939,-0.3112558,0.2205137,-0.1036784,0.3547988,-0.003823058,-0.02725129,0.03277867,0.2064774,-0.01128955,-0.0180356,-0.08438179,0.06889699,-0.04267657,0.147625,0.1719391,-0.1844535,-0.08682436,0.06909852,-0.02093159
0.004493987,-0.727516,-0.4154845,-0.3018002,0.2135178,-0.09265349,0.3621137,-0.006775748,-0.02987,0.03601538,0.2049618,-0.01433002,-0.01862914,-0.08495373,0.07042147,-0.04190036,0.1426902,0.1709459,-0.1897906,-0.08412933,0.06460918,-0.02204697
0.01800041,-0.7368569,-0.4152992,-0.2914307,0.2079619,-0.08143953,0.37031,-0.002298176,-0.02821405,0.02809131,0.2038527,-0.01204342,-0.01706415,-0.08515779,0.07440228,-0.0386927,0.1385269,0.1685298,-0.1960452,-0.08402892,0.06084229,-0.02157088
0.01836914,-0.739003,-0.4223421,-0.2744986,0.2163699,-0.06284349,0.3566275,0.0102774,-0.03969135,0.03616749,0.2001088,-0.006640626,-0.02481353,-0.09414306,0.07446298,-0.04064966,0.1295516,0.1589222,-0.2030638,-0.08362746,0.05863694,-0.02176775
0.01966525,-0.7456629,-0.431071,-0.2686508,0.214161,-0.05489711,0.3621252,0.001646707,-0.04194082,0.03795214,0.2020081,-0.01098848,-0.02429871,-0.09642994,0.07553181,-0.03794153,0.1263053,0.1581114,-0.2077192,-0.08176309,0.05343829,-0.02205057
0.02835596,-0.7651145,-0.43903,-0.25824,0.2029424,-0.05097736,0.3818781,-0.004832786,-0.03893518,0.0295648,0.2028666,-0.006444463,-0.02571989,-0.09078977,0.07642122,-0.03435459,0.1239691,0.1625043,-0.2145999,-0.08051062,0.04923812,-0.02099252
0.03381205,-0.7771099,-0.4472321,-0.2527423,0.1970554,-0.04373072,0.3869347,-0.005224977,-0.03726679,0.02772569,0.2020124,-0.001195716,-0.02842408,-0.08891165,0.07602048,-0.03398316,0.1223849,0.1625474,-0.2169061,-0.07921015,0.04600898,-0.01874829
0.0362269,-0.7820596,-0.4578525,-0.2400748,0.1800347,-0.02557694,0.3924825,-0.006815441,-0.03028412,0.02429483,0.1993429,-0.0004498139,-0.03023955,-0.08647073,0.07954599,-0.03342509,0.1215958,0.1649228,-0.2197249,-0.07986317,0.04041096,-0.0161282
0.04303834,-0.7891369,-0.4661057,-0.235034,0.1741397,-0.01432659,0.3942432,-0.01645676,-0.03358146,0.02055485,0.1981843,0.004459215,-0.03414361,-0.08545253,0.08229217,-0.03208822,0.1179396,0.1640145,-0.2229393,-0.07902309,0.03654395,-0.01419225
0.03551523,-0.8140292,-0.4976909,-0.2225887,0.1449414,0.01124891,0.3922335,-0.01769235,-0.03098536,0.02886889,0.2043648,0.009974389,-0.04158508,-0.08780661,0.07883587,-0.03721635,0.1237039,0.1500353,-0.2329025,-0.07944038,0.03003055,-0.007595502
0.04650086,-0.8214815,-0.5041654,-0.2245176,0.1453072,0.01825615,0.3932541,-0.03479003,-0.02779797,0.02528724,0.2073981,0.01739768,-0.04257764,-0.08496511,0.0808074,-0.03622758,0.1235356,0.1525573,-0.2307162,-0.07815202,0.02549899,-0.007109834
0.0507651,-0.8245037,-0.5151973,-0.2127268,0.1387864,0.02584586,0.3949755,-0.04422129,-0.02295769,0.02655481,0.2030312,0.02562794,-0.04928294,-0.0834527,0.08022996,-0.03789255,0.1193071,0.1522694,-0.2303489,-0.07772413,0.02181092,-0.004290065
0.04875143,-0.8280278,-0.5187414,-0.208915,0.1345042,0.02513197,0.4012915,-0.05437716,-0.01534981,0.02479834,0.2024061,0.030421,-0.05339716,-0.08320435,0.07816136,-0.04008202,0.1146263,0.1494902,-0.2335043,-0.07796439,0.01780192,-0.00334985
0.05741556,-0.8279681,-0.5145209,-0.1999498,0.1344706,0.03400911,0.4040979,-0.06033519,-0.01287716,0.02254062,0.1979638,0.03747623,-0.05922674,-0.07835785,0.0751555,-0.04091021,0.1120877,0.1481838,-0.2367443,-0.07839829,0.01579832,0.001475916
0.07072181,-0.8267076,-0.5177036,-0.197448,0.12657,0.04199837,0.4047628,-0.07156393,-0.009141088,0.01835326,0.1938564,0.04524285,-0.06323333,-0.07842425,0.07468671,-0.04181674,0.1104066,0.1446785,-0.2379833,-0.07783155,0.01378172,0.0009475891
0.06961703,-0.8204966,-0.524215,-0.1933631,0.1169403,0.05914855,0.4029303,-0.07609045,-0.00688914,0.01841171,0.1860243,0.05053192,-0.06624014,-0.07573441,0.07239264,-0.04412589,0.1090419,0.1390781,-0.237182,-0.07623062,0.01213985,0.003781034
0.06383258,-0.7965088,-0.5121287,-0.1991393,0.120026,0.06172638,0.412268,-0.07509267,-0.01170591,0.02859918,0.1777767,0.05661432,-0.06434672,-0.07548227,0.06428134,-0.04423556,0.1128671,0.1405209,-0.2330386,-0.07888023,0.006387316,-0.002525988
0.04680504,-0.7785665,-0.5083175,-0.1880456,0.1129952,0.07390942,0.4140338,-0.0805018,-0.00709469,0.02718102,0.1663985,0.06452484,-0.06697581,-0.07345858,0.07121886,-0.04831675,0.1070274,0.1305197,-0.2341632,-0.08228079,0.007166677,0.001210742
0.04054146,-0.7679267,-0.5092628,-0.1827634,0.1084981,0.07858308,0.4135261,-0.08433315,-0.00709642,0.02201715,0.1625924,0.06832499,-0.06877402,-0.07229769,0.06863067,-0.04836918,0.1067922,0.1264638,-0.2371455,-0.08470115,0.005949004,0.004329633
0.02765284,-0.7705587,-0.5206308,-0.1593954,0.1146082,0.1112711,0.3935115,-0.04867396,-0.03011938,0.05045145,0.1659274,0.07268447,-0.0760162,-0.06802017,0.04238209,-0.05686809,0.1178468,0.09282083,-0.2528984,-0.08846643,0.01364084,0.001828982
0.04009232,-0.7848916,-0.5206528,-0.1649337,0.1198866,0.09904861,0.3869289,-0.04838568,-0.03298083,0.0449918,0.1771178,0.07197937,-0.08078397,-0.07165492,0.03910264,-0.05140445,0.1173407,0.09379459,-0.255491,-0.08952577,0.01197993,0.002392097
0.0609404,-0.8116185,-0.5418663,-0.1515041,0.1259134,0.0878965,0.3697165,-0.04441591,-0.03405493,0.0453428,0.1829648,0.06755483,-0.09304923,-0.06741694,0.03449773,-0.05288781,0.10442,0.08924625,-0.2560241,-0.08598911,0.01685401,0.01072865
0.06854831,-0.8230761,-0.5390084,-0.1609033,0.1294516,0.07342869,0.3761285,-0.04470709,-0.03028489,0.05159749,0.1888375,0.05920932,-0.08908978,-0.06425191,0.02943247,-0.04838674,0.1073,0.0898857,-0.2567987,-0.08476355,0.01600203,0.0101026
0.07481318,-0.8362734,-0.5478323,-0.1603419,0.1324847,0.06629326,0.3800068,-0.04698431,-0.02471682,0.04924873,0.1879864,0.05391182,-0.09255353,-0.06048129,0.02953383,-0.04530476,0.09936536,0.08936045,-0.2566879,-0.08225918,0.01646593,0.01248731
0.08716583,-0.8411922,-0.5541176,-0.1504008,0.1265215,0.06490889,0.3705972,-0.04570602,-0.0267591,0.048362,0.181892,0.05349369,-0.1008938,-0.06015627,0.03307714,-0.04460241,0.09106261,0.08516887,-0.2561907,-0.08165567,0.01893069,0.01821668
0.09064455,-0.841746,-0.5601713,-0.1416545,0.1292347,0.06027072,0.3534968,-0.04058094,-0.03168936,0.05993031,0.1818429,0.05339554,-0.1050973,-0.05872549,0.03257177,-0.04653953,0.09059002,0.08628408,-0.2518189,-0.08047513,0.01906166,0.02258929
0.09317881,-0.8578057,-0.5655091,-0.1437073,0.1353756,0.04830249,0.358047,-0.04298354,-0.02976138,0.0560618,0.1862659,0.05259736,-0.1091301,-0.05627638,0.02757325,-0.04164125,0.08884916,0.08716264,-0.2502135,-0.08066583,0.02116286,0.02449003
0.09809781,-0.8663329,-0.5798169,-0.1340772,0.1260089,0.03998885,0.3632605,-0.05573127,-0.01934505,0.04872199,0.1800699,0.0497071,-0.119043,-0.04945608,0.02764778,-0.04182794,0.08086436,0.08532997,-0.2470046,-0.08085191,0.02113116,0.03268501
0.0998072,-0.8710187,-0.5817275,-0.1355574,0.1241914,0.03315933,0.3610492,-0.05174441,-0.01719051,0.04778041,0.182655,0.04798,-0.1193391,-0.04421138,0.02674717,-0.04071945,0.08078974,0.08576485,-0.2454359,-0.08150931,0.0228088,0.03669862
0.1118956,-0.8756765,-0.5861435,-0.1332892,0.1210745,0.02560925,0.358193,-0.0535598,-0.01729262,0.04399934,0.1805776,0.04904746,-0.1249009,-0.04205987,0.02529589,-0.04005704,0.07514516,0.08352111,-0.2467528,-0.08160019,0.02457335,0.03938754
0.119853,-0.8688231,-0.5932652,-0.1315223,0.1272567,0.0331694,0.3326494,-0.03727591,-0.02908331,0.06139611,0.1820619,0.04641556,-0.1308195,-0.04707011,0.01847058,-0.04681802,0.07288399,0.08146486,-0.239472,-0.08186948,0.02680381,0.03853313
0.1211237,-0.8640521,-0.5998977,-0.1244154,0.1232145,0.02528638,0.3297944,-0.04274597,-0.02908581,0.06073781,0.1721756,0.04558999,-0.1377285,-0.04290633,0.01617088,-0.04297437,0.06617137,0.07730793,-0.2372524,-0.08123114,0.02570939,0.04130104
0.1288087,-0.861049,-0.6002393,-0.1189996,0.1132611,0.02157835,0.3353837,-0.04709379,-0.0207384,0.06263236,0.1650791,0.04213783,-0.1403685,-0.04071524,0.01562731,-0.04292944,0.06368452,0.07368362,-0.2332584,-0.08134472,0.02696129,0.04443744
0.1278848,-0.8665803,-0.6066971,-0.1192779,0.1116249,0.01827429,0.3392578,-0.05127199,-0.01985878,0.05696475,0.1607052,0.03971797,-0.144543,-0.03481533,0.01451761,-0.04108164,0.05864364,0.07244179,-0.2308763,-0.08002234,0.02993716,0.04804964
0.1263445,-0.8618822,-0.6148548,-0.1181873,0.1096077,0.01931939,0.3274387,-0.04700705,-0.02489815,0.06873912,0.1520206,0.03630752,-0.1505026,-0.03480428,0.008950694,-0.04029518,0.0522754,0.06952485,-0.2241632,-0.07897466,0.02915002,0.05043888
0.1233138,-0.8530394,-0.6173605,-0.1105896,0.100724,0.01610749,0.3222598,-0.04708126,-0.02823598,0.06678786,0.145903,0.03346707,-0.156349,-0.03439945,0.004361868,-0.04055021,0.04432674,0.06201424,-0.2228852,-0.08142736,0.03127119,0.05355544
0.1203726,-0.8409588,-0.637318,-0.09675763,0.1104048,0.03552395,0.2839813,-0.01673109,-0.05704582,0.109747,0.1502853,0.02568321,-0.1528248,-0.04121723,-0.0268517,-0.04460744,0.04769007,0.0477281,-0.2235857,-0.0802388,0.0398704,0.04649389
0.117985,-0.8296182,-0.6401903,-0.08706047,0.1034522,0.03569674,0.2708285,-0.01405316,-0.06595549,0.113437,0.1411423,0.02080923,-0.1589615,-0.0429127,-0.03197215,-0.0470419,0.04527533,0.04652105,-0.2153538,-0.08082517,0.04151072,0.04724447
0.1258662,-0.8286593,-0.6467543,-0.08299652,0.1014557,0.03370606,0.2706238,-0.02734734,-0.0675782,0.1094469,0.1344094,0.0226558,-0.1661592,-0.04059382,-0.0331495,-0.04421165,0.04306502,0.04479173,-0.2074397,-0.07981299,0.04376419,0.04932623
0.1248829,-0.8148519,-0.6422547,-0.07931695,0.0901041,0.03349792,0.2661589,-0.02796642,-0.07006051,0.1049021,0.1284524,0.02212077,-0.1684221,-0.04203746,-0.03659654,-0.04543673,0.03931374,0.04338267,-0.2040646,-0.08064444,0.04695469,0.04819231
0.1121044,-0.8016672,-0.6382152,-0.07687968,0.08142504,0.03143375,0.2639787,-0.02922732,-0.07271102,0.1067677,0.1210888,0.01549419,-0.1714112,-0.04198231,-0.03905897,-0.04607708,0.03793918,0.04449163,-0.1990797,-0.08185971,0.04925847,0.04847743
0.1042048,-0.7862458,-0.6373842,-0.07104066,0.07486031,0.03600992,0.2558143,-0.02802297,-0.07481477,0.104894,0.1146088,0.01351946,-0.1748811,-0.04224059,-0.04302416,-0.04975966,0.03586131,0.03903323,-0.1957739,-0.08526062,0.05185953,0.05021613
0.09690085,-0.7728643,-0.6368658,-0.06660882,0.05208254,0.03608089,0.2707134,-0.04831095,-0.06653202,0.09467266,0.1072059,0.01608221,-0.1752044,-0.03611606,-0.04132627,-0.04520163,0.03335433,0.04176734,-0.1945862,-0.08470038,0.05277338,0.04865954
0.09768242,-0.7801976,-0.6413277,-0.06290535,0.05057925,0.02468911,0.2730875,-0.05119051,-0.06090194,0.09288222,0.1008631,0.02264911,-0.1761901,-0.03282997,-0.04410275,-0.04356678,0.03443575,0.04171722,-0.1850268,-0.08488024,0.05739537,0.0516933
0.1217619,-0.7763124,-0.6454074,-0.06060093,0.05652079,0.03036691,0.2514323,-0.03879775,-0.06693103,0.1018943,0.102403,0.01715871,-0.1768364,-0.03892682,-0.05018906,-0.04625506,0.0331318,0.03718261,-0.1819503,-0.08245948,0.05443051,0.05128766
0.1353322,-0.7920625,-0.6492144,-0.06692777,0.05458408,0.02182696,0.2605424,-0.05478443,-0.05668116,0.09957444,0.1133642,0.01527504,-0.1728497,-0.03219427,-0.04698236,-0.04129751,0.03314409,0.04042947,-0.1852675,-0.07718384,0.04986785,0.05219869
0.1536378,-0.8064477,-0.6604436,-0.07254246,0.06367581,0.0166421,0.2468873,-0.05068371,-0.05348983,0.1068301,0.1140863,0.01496304,-0.1715159,-0.03556174,-0.0450692,-0.03776035,0.03230876,0.03730169,-0.182793,-0.06882959,0.05004026,0.05339903
0.1787266,-0.8130704,-0.6596384,-0.07127856,0.07429472,0.01661416,0.2257304,-0.03410602,-0.06208616,0.1201862,0.1187331,0.01448255,-0.1698881,-0.04064408,-0.05345317,-0.04068755,0.03020278,0.0353153,-0.1774478,-0.06665272,0.04916665,0.05195788
0.1953113,-0.8222961,-0.6633108,-0.07287273,0.07814339,0.01530396,0.2253357,-0.02965788,-0.05534567,0.1217631,0.1196231,0.01706629,-0.1677945,-0.04220633,-0.05000718,-0.03748832,0.03314548,0.03527317,-0.1789758,-0.06223531,0.05161797,0.05389621
0.2077624,-0.8423344,-0.6667047,-0.07880499,0.0831453,0.00549223,0.22785,-0.0383727,-0.05042602,0.10909,0.1292132,0.02366433,-0.1646335,-0.03522629,-0.04656817,-0.03094274,0.0332597,0.03596059,-0.1818917,-0.05694744,0.05277555,0.05672279
0.2321703,-0.8487012,-0.6672619,-0.08464873,0.08314211,0.002392356,0.2222966,-0.03940656,-0.04183162,0.1121563,0.1314235,0.02613611,-0.156711,-0.03789694,-0.0487026,-0.02919701,0.03177452,0.03300163,-0.1800975,-0.0537173,0.04760963,0.05320864
0.2480862,-0.8554468,-0.67018,-0.08770319,0.08514377,0.001087748,0.2206273,-0.03955625,-0.03499654,0.1184303,0.1313925,0.02454557,-0.1545856,-0.03825101,-0.04931511,-0.02733109,0.03187749,0.03279909,-0.1788023,-0.04912354,0.04626587,0.05435849
0.2686981,-0.8628519,-0.6739626,-0.08669544,0.08902306,-0.003233742,0.2124106,-0.04445016,-0.03913176,0.1217142,0.1377432,0.02032911,-0.1544228,-0.03688337,-0.04670784,-0.02630321,0.03382219,0.03080865,-0.1771977,-0.04183239,0.04529728,0.05567669
0.2967458,-0.8679764,-0.6686534,-0.08561328,0.09904417,-0.00308272,0.1967858,-0.02758069,-0.04292002,0.1339491,0.1430011,0.01926126,-0.1523934,-0.0355842,-0.05144461,-0.02735019,0.03702257,0.02940924,-0.1731479,-0.03909499,0.04566893,0.05487329
0.3122832,-0.8661792,-0.6675909,-0.09162778,0.1015122,-0.003349597,0.1851339,-0.02625837,-0.04495405,0.1415607,0.1442937,0.01464805,-0.1487501,-0.04033485,-0.05596312,-0.02619185,0.03799923,0.02704576,-0.1726837,-0.03380456,0.04417058,0.05309573
0.3342078,-0.8898678,-0.6716774,-0.0946686,0.09134855,-0.01322484,0.1999022,-0.04387808,-0.0272536,0.1316729,0.1516752,0.01867935,-0.1467929,-0.03120056,-0.04550436,-0.01765385,0.0367166,0.02766493,-0.1751805,-0.02600143,0.04359422,0.0556276
0.3443336,-0.8949335,-0.6732143,-0.1008523,0.09360076,-0.01359355,0.1926549,-0.04660967,-0.02522945,0.1364728,0.1538731,0.01862533,-0.1438976,-0.03206731,-0.04803685,-0.01491154,0.03590767,0.02577166,-0.1721915,-0.02057039,0.04252738,0.05426231
0.3571597,-0.8994065,-0.6757743,-0.104114,0.09656745,-0.01363328,0.1871835,-0.04756363,-0.02860706,0.1339947,0.1574798,0.02235417,-0.1426268,-0.03262208,-0.04708353,-0.01271917,0.03460041,0.02425835,-0.1716589,-0.01784793,0.04464861,0.05528821
0.3669253,-0.9004311,-0.6716649,-0.1070002,0.09584389,-0.01321312,0.1818389,-0.04124783,-0.02649831,0.1378368,0.1619592,0.02340788,-0.1390639,-0.03390403,-0.04798377,-0.01261688,0.03535306,0.02480514,-0.1694438,-0.01793108,0.04479505,0.0533985
0.3745854,-0.880029,-0.6610134,-0.1089738,0.1173223,-0.02535364,0.1653657,-0.01893864,-0.04322655,0.1600824,0.1625938,0.02676158,-0.1342765,-0.04022987,-0.06037249,-0.01771977,0.03114562,0.02171326,-0.1665681,-0.01743953,0.04915431,0.04368877
0.3862621,-0.8721592,-0.6587927,-0.1080018,0.1110181,-0.02880249,0.1649676,-0.02413086,-0.0343728,0.1611328,0.1645105,0.02412809,-0.1304392,-0.0409934,-0.06294584,-0.01557407,0.02991371,0.02213947,-0.163571,-0.01718557,0.04393195,0.04447396
0.4000105,-0.8770115,-0.654587,-0.1128972,0.1093943,-0.03199396,0.1642223,-0.02958099,-0.03659249,0.1561541,0.1705779,0.02635355,-0.1251617,-0.03977958,-0.05972596,-0.01204108,0.03237443,0.02184186,-0.1645209,-0.01383488,0.04471013,0.04488863
0.415815,-0.8743122,-0.654048,-0.1167611,0.1099254,-0.03223216,0.150126,-0.0266269,-0.03941583,0.1584213,0.1683619,0.02577186,-0.1248676,-0.03987972,-0.05815832,-0.006829483,0.02932917,0.02164793,-0.1607359,-0.008696756,0.04455036,0.04552297
0.414274,-0.8631805,-0.6507078,-0.1202635,0.1056274,-0.03373918,0.1471104,-0.03255497,-0.04355204,0.1534881,0.1691896,0.02529687,-0.1194405,-0.04389804,-0.06024885,-0.006225146,0.03148708,0.01931651,-0.1570949,-0.008659143,0.04302196,0.0446548
0.4180174,-0.8583918,-0.6456396,-0.1244738,0.104804,-0.03426547,0.1437997,-0.03168068,-0.04176692,0.1558458,0.168168,0.02469772,-0.1180972,-0.04571458,-0.06045058,-0.003918449,0.03201651,0.01790678,-0.1556745,-0.007898987,0.04231995,0.04492603
0.4290148,-0.8445859,-0.6302634,-0.1282872,0.09969213,-0.02819135,0.1377002,-0.02987435,-0.03811601,0.156495,0.1633894,0.022671,-0.113808,-0.04965466,-0.06025987,-0.002737461,0.03225052,0.01591108,-0.1545335,-0.007894547,0.0400794,0.0441245
0.4378635,-0.8380508,-0.6244922,-0.129519,0.09503523,-0.02956859,0.1349276,-0.03212277,-0.0419674,0.1545745,0.161845,0.02303739,-0.110724,-0.05030318,-0.05960064,-0.001662874,0.03364233,0.0141396,-0.1534646,-0.005769538,0.03895951,0.0430826
0.4440521,-0.8297329,-0.6197272,-0.1325733,0.09678202,-0.03103105,0.1278373,-0.0306138,-0.04727194,0.1580518,0.1620249,0.02272928,-0.1070253,-0.05430971,-0.06468405,-0.001255552,0.03552479,0.01321721,-0.1498817,-0.005711179,0.0377549,0.04192428
